0.99609
1.00391
1.00781
1.01172
1.00391
1.00391
1.01562
1.00391
1.00391
0.99609
1.00000
1.00000
0.99609
1.00391
0.99609
0.99219
1.00000
0.99219
1.00000
0.99609
1.00391
1.00391
1.00391
1.00000
1.00391
0.98828
1.00000
1.00000
1.00781
1.00781
1.00000
1.00000
1.00000
1.00391
1.00391
1.00000
1.00781
1.00391
0.98828
1.00000
0.99219
0.99609
0.99219
0.99609
0.99219
0.99609
1.00000
1.00000
1.00391
1.00000
1.00391
1.00391
0.99219
0.99609
1.00000
1.00000
1.00000
0.99609
0.99609
0.99609
1.00000
1.00391
0.99609
1.00391
1.00391
1.00000
1.00000
0.99219
0.99219
1.00000
1.00000
0.99609
0.99219
1.00391
1.00391
1.00000
1.01172
1.00781
0.99609
1.00000
1.00000
1.00000
0.98828
1.00000
1.00391
0.99609
0.99609
0.99609
0.99609
1.00391
1.00000
0.99609
1.00000
0.99609
1.00391
1.00000
1.00391
1.01172
1.00000
1.00391
0.99609
0.98828
1.00000
1.00000
1.00391
1.00000
1.00000
0.99609
0.99219
1.00000
0.99609
0.99609
0.99609
1.00000
1.00000
0.99219
0.99609
1.00000
1.00000
0.99609
1.00391
1.00781
0.99219
1.00000
1.00391
0.99609
0.99609
1.00000
0.99609
0.99219
1.00391
1.00391
0.99609
1.00781
0.99609
0.99219
0.99609
1.00000
1.00000
0.99609
1.00781
0.98828
1.00000
1.00000
1.00391
0.99609
1.01562
1.00781
1.00391
0.99609
0.98828
1.00000
1.00000
1.00000
1.00391
1.00391
0.99609
1.00000
1.01172
1.00000
1.00781
0.99609
1.00000
0.98828
0.99609
1.00391
1.00000
1.00781
1.00391
1.00000
1.00000
0.99219
1.00781
1.01172
1.00781
1.00000
1.00000
1.00000
1.00391
1.00391
0.99609
1.00000
0.99609
0.99609
1.00391
1.00391
1.00391
1.00391
1.00391
0.99219
0.99219
0.99219
1.00781
1.00781
1.00000
1.00391
0.99219
1.00391
1.00391
0.99609
0.99609
1.00391
1.00000
1.00000
0.99219
0.99609
0.99609
1.00000
1.00000
0.99609
1.00000
1.00000
0.99609
1.00000
1.00391
1.00781
0.99609
1.00000
1.00391
1.00000
1.00000
1.00391
1.00781
0.99219
0.99609
0.99609
1.00391
1.00391
1.00781
1.00781
1.00391
0.99219
0.99219
0.99609
0.99609
1.00000
1.00000
1.00000
0.99219
0.99609
1.00391
1.00000
1.00000
1.00000
1.00391
0.99609
0.99609
1.00000
0.99609
0.99609
1.00000
1.00781
0.99219
0.99219
1.00000
1.00000
1.00000
1.00000
1.00781
0.99219
1.00000
1.00000
0.99609
1.00000
0.99219
1.00000
1.00000
0.99609
1.00391
1.00000
0.99609
0.99609
1.00391
0.99219
1.00000
0.98828
0.99609
1.00391
1.00391
0.99609
0.99609
0.99219
1.00000
1.01172
1.01172
1.00391
1.00000
1.00000
1.00000
1.00391
1.00000
1.00781
1.00391
1.00000
1.00000
1.00000
1.00391
1.00391
0.99609
1.00391
1.00000
0.98828
0.99609
1.00000
0.99219
1.00000
1.00000
1.00000
0.99609
1.00000
0.99609
1.00000
0.99219
1.00000
1.00000
1.00000
0.99609
1.00000
1.00000
0.99219
1.00781
0.99609
0.99609
1.00000
1.00391
1.00000
1.00000
1.00391
1.00391
0.99609
0.99609
1.00000
0.99609
0.99609
1.00000
0.99609
0.99219
1.00000
1.00000
1.00391
1.00781
1.00391
0.99219
0.99219
0.99219
0.99219
0.99609
1.00391
0.99609
0.99609
0.99219
0.99219
1.00000
1.00391
0.99219
1.00391
0.99609
0.99609
0.99219
0.99609
0.99609
1.00000
1.00000
0.99609
0.99609
0.99219
1.00000
1.00391
1.00391
1.00781
0.99609
0.99609
0.99219
1.00000
0.99609
1.00391
1.00391
1.00000
1.00000
1.00391
1.00000
1.00781
1.00391
1.00000
0.99609
0.98828
0.98828
1.00781
0.99609
1.00000
0.99609
1.00000
1.00000
0.98828
1.00781
1.00391
1.00000
1.00781
1.00391
0.98828
1.00000
1.00781
1.00000
1.00000
1.00000
1.00000
1.00781
0.99219
1.00391
1.00000
1.00391
1.00391
1.00391
0.99609
0.99609
1.00781
1.00391
1.00391
1.00781
1.00000
1.00000
0.99609
1.00000
0.99609
1.00391
0.99609
1.00000
0.98828
0.99609
0.99609
1.00391
1.00000
1.00781
0.99609
0.99609
1.00000
1.00000
1.00781
1.00391
0.99219
1.00391
1.01172
1.00391
1.00391
1.00391
0.99609
0.99219
0.98828
0.99609
0.99219
1.00781
1.00781
1.00000
1.00391
0.99609
1.00391
1.00000
1.00391
1.00781
0.99609
0.99219
1.00000
1.00000
1.00000
1.00391
1.00391
1.00000
1.00000
1.00000
1.00000
0.99219
1.00391
0.99609
0.99219
0.99609
0.99609
0.99219
1.00391
1.00781
1.00000
1.00000
1.00000
0.99219
0.99609
1.00000
0.99219
0.99219
1.00391
1.00391
1.00391
0.99219
1.00391
1.00000
1.00000
0.99609
1.00000
1.00000
1.00781
1.00000
0.99609
0.99609
0.99609
0.98828
1.00000
1.00391
0.99609
1.00000
1.00000
0.99219
1.00000
1.00000
1.00391
0.99609
0.99609
0.99609
1.00000
0.99219
1.13672
0.90234
0.19141
2.06641
0.21875
1.77344
1.53516
-0.00391
1.82422
0.98828
1.08203
0.58594
1.50000
0.73828
1.28516
1.32031
0.94922
1.35156
0.94922
0.88672
0.89062
0.76562
1.02734
1.00000
1.11719
1.10156
1.02734
1.22266
0.83984
0.98828
0.96875
0.65625
1.09375
1.02734
1.16016
1.19141
0.99219
0.94922
1.03516
0.74219
1.03516
1.00391
0.50391
1.33984
0.83594
0.70312
1.75000
0.50000
1.16406
1.58984
0.15234
1.71484
0.95312
0.35156
1.95312
0.33984
0.91016
1.77344
0.16797
1.41016
1.19531
0.32031
1.48047
0.68750
0.57031
1.48828
0.63281
0.90234
1.53125
0.45312
1.25781
1.44531
0.38672
1.65625
0.96875
0.52344
1.00781
0.15625
1.62109
1.00391
0.48047
1.80469
0.35547
0.91406
1.51172
0.16797
1.37500
1.04297
0.42578
1.61719
0.73438
0.84375
1.57031
0.54297
1.07422
1.40234
1.33203
1.14844
0.41406
1.67969
0.71484
0.77344
1.71484
0.35547
1.35156
1.35938
0.33594
1.62109
0.83203
0.56250
1.60156
0.46875
0.86719
1.42969
0.29688
1.08594
1.17188
0.33594
1.47656
0.91406
0.62891
1.80469
0.66406
1.14062
1.66406
0.40625
1.58203
1.10547
0.44531
1.68750
0.44531
0.80078
1.50781
0.21484
1.24609
1.05859
0.37500
1.51953
0.78906
1.51562
0.58594
1.05078
1.46875
0.44922
1.35938
1.26172
0.57812
0.57812
1.70703
0.87500
0.77734
1.69531
0.45703
1.05469
1.33984
0.18750
1.38672
0.33594
1.65234
0.39844
0.86328
1.55469
0.22266
1.43359
1.16016
0.53125
1.70312
0.82422
0.93359
1.57031
0.65625
1.10938
1.32812
0.46094
1.27734
1.08984
0.46484
1.52344
0.75781
0.75391
1.66016
0.35547
1.20312
1.29297
0.25391
1.48828
0.79688
0.61719
1.62500
0.41406
1.10156
1.43750
0.38281
1.44141
1.05469
0.62109
1.64453
0.74219
1.53516
0.49219
1.15625
1.29297
0.39453
1.37891
0.92969
0.46875
1.61328
0.57031
0.89062
1.55469
0.30859
1.35156
1.23047
0.41797
1.68359
0.72266
0.79688
1.64062
0.43359
1.20312
1.31250
0.41406
1.48047
0.92969
0.60938
1.57812
0.61719
0.91016
1.47656
0.39844
1.21094
1.19141
0.32812
1.53125
0.83984
0.58203
1.69141
0.46875
1.03516
1.56641
0.34375
1.44922
1.17188
0.48828
1.61719
0.72656
0.78125
1.50000
0.41016
1.03516
1.32031
0.35156
1.37500
0.93750
0.52344
0.66797
0.96094
1.69531
0.37891
0.37891
1.41406
1.24609
0.37109
1.62109
0.68359
0.67188
1.67578
0.32031
1.16016
1.46094
0.26562
1.59766
1.00781
1.76172
0.42578
0.91406
1.58594
0.17969
1.35938
1.06250
0.31641
1.61719
0.61328
0.73047
0.44141
1.22656
1.47656
0.48828
1.51562
1.51562
1.04297
0.53516
1.71094
0.67578
0.85547
0.31250
1.14062
1.30078
0.29688
1.48047
0.85156
0.57812
1.70703
0.45703
1.07812
1.48828
0.30859
1.46484
0.97656
0.47266
1.55469
0.65625
0.81641
1.56641
0.46094
1.25781
1.41016
0.42578
1.62500
0.96875
0.63281
1.70312
0.49609
1.01953
1.49609
0.30859
1.26172
1.03125
0.31250
1.33984
0.63672
0.57031
1.41016
0.48828
1.08984
1.48438
0.64062
1.53906
1.26172
0.67969
1.74609
0.77344
0.84766
0.37891
1.13672
1.31250
0.18750
1.51562
1.51562
0.48438
1.64844
0.37891
1.04297
1.42578
0.28906
1.41406
1.03906
0.50781
1.53125
0.66797
0.80469
1.60547
0.51562
1.16406
1.37500
0.48438
0.48438
1.50781
1.05469
0.65234
1.62891
0.66406
0.93359
1.52344
0.32031
1.19922
1.12500
0.27734
1.48047
0.69531
0.57031
0.57031
1.57422
0.49609
1.16016
1.44531
0.55078
1.48828
1.08594
0.73047
1.58203
0.76172
0.90234
1.50391
0.49609
1.16797
1.36719
0.39062
1.42578
0.92188
0.51172
1.55469
0.51562
0.51562
0.84375
1.39062
0.33984
1.21484
1.11328
0.42188
1.48828
0.80078
0.74219
1.58203
0.54297
1.11328
1.44922
0.58203
1.48047
1.10156
0.67969
1.58594
0.76562
1.46484
0.41406
1.08594
1.08594
1.19922
0.34766
1.37891
0.83984
0.57031
1.56250
0.54297
1.00391
1.00391
1.42969
0.49219
1.14844
0.64844
1.54297
0.77734
0.84766
1.52344
0.54688
1.09766
1.28125
0.44531
1.32812
0.94922
0.61328
1.48438
0.64062
0.88672
1.46875
0.45703
1.24609
1.23047
0.42188
1.46875
0.83594
0.69922
1.57812
1.03516
1.33984
0.51953
1.42969
1.07812
0.71875
1.58203
0.81250
0.92578
1.46094
0.49219
1.07812
1.16406
0.39062
1.29297
0.89062
0.60547
1.53125
0.61719
0.94531
1.48047
0.48047
1.29688
1.17969
0.55078
1.60156
0.76172
0.76172
0.81641
1.55859
0.50391
1.18359
1.28906
0.43359
0.89844
0.89844
1.48047
0.67188
0.85547
1.39844
1.39844
0.51172
1.25781
0.44922
1.41797
0.90234
0.64062
1.64844
0.60156
1.08984
1.51562
0.53906
1.44531
1.12109
0.58594
1.54688
0.70312
0.80859
1.46484
0.41406
1.08984
1.22266
0.38281
1.40234
0.91016
0.62109
1.54297
0.55078
1.44922
0.43359
1.35547
1.20703
0.55078
1.62500
0.84766
0.80859
1.61328
0.49609
1.12891
1.33984
0.40234
1.43359
0.92969
0.49609
1.50391
0.51172
0.78516
1.39062
0.32422
1.14062
1.21094
0.45312
1.55469
0.96484
0.80469
1.77344
0.69531
1.19531
1.57422
0.44141
1.46875
1.02734
0.41797
1.50391
0.54297
0.72266
1.44531
0.39453
1.12891
1.19922
0.49609
0.95312
0.70312
1.54297
0.68359
0.96875
1.43750
0.47656
1.27734
1.16797
0.50781
1.49219
0.74609
0.77344
1.55859
0.54297
1.13672
1.36328
0.53516
1.42969
1.02734
0.59766
1.55859
0.67969
0.81641
1.46875
0.43750
1.17188
1.16797
1.16797
0.39844
1.38281
0.76562
0.65234
1.58203
0.51172
1.04688
1.46094
0.50000
1.48438
1.16406
0.61719
1.62500
0.76562
0.94141
1.50000
0.46094
1.16016
1.11719
0.44531
1.34766
0.80859
0.57812
1.40625
0.61719
0.88281
1.36719
0.55859
1.25781
1.23438
0.60547
1.51172
0.91016
0.76562
1.55469
0.59766
1.00391
1.41016
0.45703
1.37500
1.08203
0.55469
0.71875
0.71875
0.91797
1.54297
0.45312
1.14062
0.46094
1.36719
0.69141
0.57422
1.33203
0.54688
0.87109
1.28906
0.52734
1.34766
1.29688
0.73047
1.68359
0.98828
0.91797
1.66406
0.56641
0.56641
1.11328
1.27734
0.30078
1.33203
1.33203
0.73047
0.44531
0.44922
0.90234
1.39453
1.39453
0.47266
1.15625
0.62109
1.54297
0.86328
0.84375
1.57031
0.59766
1.11719
1.37500
0.51562
1.36719
0.99609
0.60156
1.53906
0.71875
0.91406
1.50000
0.50000
1.19531
1.19531
0.45703
1.36719
0.79688
0.54297
1.37500
0.43750
0.91406
1.37109
0.46094
1.42578
1.18359
0.64844
1.67969
0.81641
0.91406
1.58203
0.54688
1.18359
1.25391
0.48438
1.44141
0.92969
0.62500
1.42969
0.64844
0.92578
1.36719
0.58984
1.19922
0.52344
1.36328
0.76953
0.57031
1.46875
0.49219
0.98438
1.39062
0.39062
1.44141
1.06641
0.64844
1.69922
0.80469
1.05859
1.54688
0.49609
1.32031
1.11719
0.45312
1.43359
0.68359
0.61328
1.31250
0.53125
0.92578
1.21094
0.55078
1.22266
1.10547
0.69531
1.50391
0.96875
0.93750
1.58203
1.58203
0.70312
1.19922
1.30469
0.48828
1.40625
0.90625
0.59375
1.48828
0.54688
0.90234
1.31250
0.48047
1.28125
1.03516
0.51172
1.33984
0.72656
0.73828
1.42578
0.56250
1.11719
1.45312
0.66406
1.50391
1.23828
0.72266
1.61719
0.82812
0.84375
1.41797
0.37500
1.11719
1.08984
0.32422
1.39062
0.69141
0.55078
1.47656
0.53906
1.18359
1.50391
0.67578
1.53125
1.05859
1.35156
0.58594
0.71484
1.32031
1.32031
0.55078
1.18359
1.37109
0.68359
1.51953
1.10547
0.76562
1.44922
0.61719
0.85156
1.26562
0.44141
0.44141
1.13281
1.04297
1.39844
0.86719
0.74219
1.63281
0.64062
1.20703
1.20703
1.46484
1.51953
1.51953
0.98438
0.66797
1.52344
0.57031
0.93359
1.22266
0.41016
1.01953
0.56641
1.31250
0.96094
0.80469
1.48828
0.85547
1.08594
1.47266
0.61719
1.30859
1.14453
0.49219
1.44922
0.60547
0.69531
1.37109
0.41797
1.14062
1.23047
0.56250
1.51953
1.00391
0.86719
1.51562
0.72656
1.09766
1.32812
0.60547
1.21484
1.04297
0.50391
1.29297
0.72656
0.60547
1.35547
0.51953
1.07422
1.31250
0.50000
1.48047
1.06250
0.76562
1.64062
0.73828
1.06250
1.48047
0.54688
1.27734
1.07422
0.50391
1.30078
0.67969
0.64062
1.32422
0.56641
1.01562
1.29688
0.61328
1.32422
1.12891
0.71484
1.45703
0.85156
0.92969
1.43359
0.63672
1.10156
1.21484
0.56641
1.30469
0.98047
0.68359
1.46094
0.72656
0.92188
1.39844
0.51953
1.25391
1.20703
0.55469
1.44141
0.80469
0.71094
1.37500
0.52734
0.99609
1.20312
0.50391
1.21875
1.05859
0.61328
1.52734
1.00000
1.03125
1.70312
0.76172
1.24609
1.26953
0.50000
1.24609
0.66016
0.45703
1.21094
0.44922
1.26172
0.57422
0.57422
1.27734
1.18750
0.75781
1.42188
1.00781
1.03125
1.50781
0.91406
1.11328
1.37500
0.62109
1.19141
1.00000
0.42969
1.30859
0.58984
0.72266
1.42969
0.46875
1.28906
1.27344
0.59375
0.59375
1.57422
0.87500
0.82812
1.40234
0.48438
1.03906
1.10547
0.41016
1.25000
0.94141
1.50391
0.89453
1.00391
1.50391
1.50391
1.14453
1.26562
0.59375
1.30078
1.01172
1.01172
0.63672
1.41016
0.85156
1.33594
0.48828
1.17969
1.15625
0.60547
1.40625
0.92188
0.78516
1.44141
0.65625
0.65625
1.04297
1.26172
0.51953
1.31250
1.04297
0.64453
1.46875
0.75781
0.88281
1.34766
0.53906
1.14062
1.13281
0.54688
1.38281
0.88281
0.71094
1.42578
0.60156
1.08984
1.35547
0.55078
1.39844
1.04297
1.47656
0.71094
0.89844
1.28516
0.61719
1.12891
1.14453
0.61328
1.23828
1.04297
0.75000
1.46875
0.88281
0.88281
1.49609
0.62500
1.12109
1.20703
0.36719
1.34766
0.79688
0.61719
1.46094
0.54297
1.11719
1.30469
1.30469
0.59375
1.44141
0.94922
0.82031
1.46094
0.99609
1.27344
0.64062
1.06250
1.06250
1.09375
0.58984
1.22266
0.90625
0.64062
1.43359
0.73047
1.06250
1.50000
0.65625
1.37891
1.09766
0.63281
1.36719
0.72656
0.72656
1.27734
0.47656
1.14062
1.26562
1.42188
1.05078
1.05078
1.41797
0.75781
0.98047
1.35156
0.59375
1.16797
1.14844
0.51172
1.32422
0.76953
0.67188
1.42188
0.59375
1.05859
1.32031
1.32031
0.55469
1.41406
1.12109
0.69531
1.55469
0.78906
0.94531
1.42578
0.53125
1.21875
1.11328
0.48438
1.37109
0.73438
0.67969
1.33594
0.55469
1.04297
1.24219
0.68359
1.31250
1.31250
1.06641
0.86328
1.44922
0.94141
0.94531
1.35938
0.68359
1.03516
1.25000
0.51562
1.20703
0.96875
0.53125
1.36719
0.64844
0.85156
1.37109
0.52344
1.31641
1.18750
0.68359
1.54688
0.85547
0.88672
1.47266
0.54688
1.11719
1.15625
0.45703
1.32031
0.85547
0.67188
1.48438
0.69922
1.03125
1.38672
0.58203
1.26172
1.08594
0.60547
1.41797
0.78125
0.82031
1.36719
0.61719
1.09375
1.22266
0.62500
0.62500
1.28906
1.03906
0.71875
1.37500
0.80469
1.41406
0.60547
1.14062
1.31250
0.53516
1.49219
0.97656
0.97656
0.77344
0.58203
0.94922
1.16406
0.44531
1.14453
0.87891
0.53906
1.31250
0.82812
0.89062
1.48438
0.80859
1.19531
1.43359
0.69922
1.41016
1.11328
0.66406
1.50000
0.68359
0.80078
1.32031
1.07031
1.07031
0.44922
1.37891
0.84766
0.83203
1.53516
0.76953
1.23438
0.66016
1.30859
0.98828
0.58984
1.30078
0.68359
0.75391
1.32422
0.50781
0.50781
1.16016
1.19531
0.61328
1.38672
0.94141
0.81641
1.43359
0.76562
1.01953
1.28906
0.69531
1.27734
1.08594
0.66797
1.31250
0.78906
0.72656
1.31250
0.63281
1.09766
1.28906
0.66797
1.32031
0.93359
0.71094
1.27344
0.93750
0.93750
0.69531
1.22656
1.27734
0.81641
1.35938
1.00781
0.73047
1.30859
0.70312
0.86719
1.27344
0.51953
1.19531
1.13281
0.58594
1.46484
0.80859
0.89844
1.45312
0.56641
1.18750
1.11328
0.58984
1.34766
0.84766
0.77344
1.35547
0.69922
0.99609
1.19531
1.14453
0.68750
1.42188
0.87109
0.98047
1.41016
0.70703
1.16797
1.12891
0.58984
1.24219
0.67578
1.20703
0.66797
0.82031
1.23047
0.64453
1.17969
1.29297
0.86328
1.50000
1.12109
0.92578
1.36328
0.73828
0.85547
1.09375
0.38281
0.99609
0.91406
0.59766
1.33594
0.91406
0.98047
1.43359
0.82812
1.29297
1.25781
0.80859
1.38281
1.00781
0.83984
0.67969
0.81641
1.03906
0.46484
0.98438
0.95312
0.95312
0.63281
1.30859
1.01562
1.02734
1.50781
0.96094
1.30078
1.33203
0.77734
1.30469
0.91797
0.57422
1.18359
0.62500
0.75781
1.22656
0.57812
1.09375
1.10156
0.64453
1.27344
0.92188
0.83984
1.35156
0.84375
1.08984
1.35156
0.71875
1.25000
1.05859
0.62109
1.26953
0.86328
0.86328
0.78125
1.25000
1.17969
0.73438
1.21094
0.76953
0.66406
1.14844
0.62500
0.97266
1.25781
0.80469
1.33203
1.24609
0.81250
1.34375
0.91406
0.78125
0.66797
0.96094
0.96094
1.16797
0.62500
1.25781
1.01172
0.78125
1.39844
0.79297
1.03516
1.21875
0.60547
1.12891
0.95312
0.69531
1.26172
0.92578
0.91797
1.29688
0.88672
1.02734
1.18750
0.75781
1.12500
1.04297
0.69141
1.24609
0.87891
0.87500
1.30859
0.77734
1.17188
1.11719
0.83594
1.21484
0.93750
0.85938
1.16016
0.81641
0.86328
1.08203
0.79297
0.99219
1.12891
0.76562
1.21875
1.07812
0.89453
1.36719
0.87891
1.02734
1.26562
0.67969
1.11719
1.01562
0.57422
1.24609
0.79688
0.78125
1.26562
0.61328
1.12109
1.18359
0.75781
1.43359
1.00391
1.02344
1.32422
0.78906
1.07422
0.99219
0.73047
0.98438
0.82812
0.73828
0.97266
0.96875
0.80078
1.23828
1.09375
1.01562
1.53125
1.01562
1.26172
1.33984
0.77734
0.84766
0.61328
1.11719
0.44922
0.44922
0.75781
1.01953
0.46875
1.17578
1.01172
0.88281
1.46484
1.00781
1.33594
1.31641
1.03125
1.22266
0.88672
0.78516
1.04297
0.74609
0.78125
1.02734
0.71094
0.90234
1.13281
0.82031
1.17578
1.21875
0.92188
1.29688
0.99219
0.91406
1.25391
0.75391
1.02344
1.08984
0.67188
1.18750
0.92969
0.85547
1.28125
0.87109
1.17969
1.21875
0.82031
1.15625
0.95312
0.74219
1.05078
0.75781
0.69531
1.08203
0.73438
1.08203
1.21094
0.90625
1.34375
1.17188
0.99609
1.35156
1.00391
1.00391
1.18359
0.82812
0.92969
0.98047
0.61328
0.88672
0.79297
0.60156
1.03906
0.82031
1.35938
1.03125
1.36719
1.32422
1.03125
1.30859
0.96094
0.85938
1.12891
0.67578
0.89844
0.96875
0.57422
1.02344
0.93750
0.81641
1.23828
0.97656
1.04297
1.25781
0.89062
1.16797
0.83594
1.25000
0.96875
0.82812
1.21875
0.73438
0.97266
1.08984
0.73828
1.18359
1.01172
1.20312
0.88281
0.96875
1.12891
0.80469
1.00391
1.05859
0.76953
1.13281
1.01562
1.21875
0.99609
0.94922
1.24219
0.81250
0.96094
1.12109
0.63672
1.12109
0.93750
0.78516
1.28906
0.79688
1.00391
1.13672
0.72656
1.25000
1.05078
0.95703
1.36328
1.01953
1.10547
1.25781
0.78125
0.95703
1.01562
0.64062
0.98438
0.85938
0.65234
1.21875
0.82422
1.00391
1.29688
0.87500
1.26562
1.15234
0.89062
0.88281
0.95312
1.08984
0.74609
1.00000
0.76953
1.11328
1.03906
0.79688
1.19531
0.92188
0.88281
1.25391
0.83594
1.12500
1.12500
1.23047
0.78125
1.25000
0.98438
0.85938
1.23438
1.00781
1.06641
0.73047
1.05859
0.94922
0.76562
1.14844
0.87109
0.89844
1.24219
0.85547
1.08594
1.21094
0.87109
1.25000
1.06641
0.80469
0.83594
0.87891
1.16406
0.70312
1.01562
1.02344
0.75781
1.14453
0.96484
0.93359
1.26172
0.99219
1.04297
1.28125
0.86328
1.09766
1.11719
0.61719
1.12109
0.83594
0.79688
1.28125
0.73438
1.05078
1.16797
0.79297
1.26953
1.03125
0.96484
1.25000
0.90625
0.99219
1.05859
0.68750
0.99609
0.93359
0.68750
1.04297
0.85938
0.89453
1.29297
0.97656
1.17188
1.33594
0.89453
1.21875
1.08984
0.67578
1.21875
0.76562
0.81250
1.23828
0.57812
1.07031
1.13672
0.73047
1.35156
1.00391
0.95312
1.32422
0.81641
1.06250
1.09766
0.74219
1.12109
0.93359
0.76172
1.10547
0.80469
0.83203
1.17578
0.80859
1.06250
1.26953
0.82031
1.27344
0.79297
1.33984
0.84766
0.90234
1.22656
0.64844
1.12500
1.04297
1.04297
0.75781
1.30469
0.92578
0.94531
1.25000
0.81250
0.96094
1.15234
0.66406
1.00391
0.95312
0.58984
1.28906
0.81250
0.86719
1.42578
0.71875
1.30078
1.32031
0.82031
1.41406
1.03516
1.03516
0.89453
1.22656
0.67188
0.91016
1.00391
0.62500
1.03516
0.93750
0.75781
1.25391
0.94141
0.88281
1.26953
0.79297
1.01953
1.26172
0.71875
1.24609
1.12109
0.76172
0.82031
0.89062
1.26562
1.26562
0.66016
1.11719
1.12891
0.64453
1.23047
0.89844
0.82422
1.33594
0.76953
1.10547
1.26953
0.75000
1.19141
0.67969
0.67969
1.23828
0.81250
0.74219
1.26562
0.67578
1.07031
0.75000
1.36719
1.09375
0.91016
1.30078
0.84375
0.94922
0.94922
1.20703
0.73047
1.03906
1.02344
0.59375
1.17578
0.81641
0.71875
1.31641
0.67578
1.07812
1.32031
1.36328
1.07812
0.82031
1.44922
0.78125
0.97656
1.20312
0.64844
1.14062
1.01562
0.65234
0.65234
1.19922
0.91797
1.32031
0.85547
1.01562
1.28516
0.75781
1.14844
1.11328
0.66797
1.33594
0.89062
0.77734
1.35547
0.64062
1.01953
1.23047
0.57812
1.24609
0.98438
0.73047
1.37109
0.78516
0.95703
1.31250
0.69531
1.24219
1.11328
0.70703
1.31250
0.80859
1.31250
0.64844
1.05469
1.30078
0.74219
1.28516
1.28516
1.18359
0.73047
1.23828
0.85547
1.16797
0.64844
1.01953
1.17969
0.68750
1.33594
1.01953
0.78906
1.33594
0.78125
1.00781
1.26172
0.75391
1.22656
1.09375
0.71094
1.24609
0.82812
0.75000
1.28125
0.67578
1.03125
1.23047
0.63672
1.20703
1.05469
0.79688
1.37891
0.89453
0.95312
1.29297
0.61719
1.07031
1.07031
0.55078
1.27734
0.87500
0.74609
1.37891
0.70703
1.10156
1.36719
0.80469
1.41016
1.20312
0.85547
1.32812
0.86719
0.83203
1.13672
0.62109
0.84375
1.01172
0.45703
0.45703
1.12109
0.97266
0.72266
1.53516
0.87891
1.09375
1.50391
0.69141
0.69141
1.30859
1.15234
0.60547
1.37109
0.79688
0.70703
1.21875
0.96484
0.96484
1.12109
0.54688
1.26172
0.81250
1.44531
0.83594
1.08594
1.36719
0.82422
1.27344
1.21484
0.72656
1.31250
0.90234
0.67969
1.28516
0.60156
0.85547
1.19922
0.54688
1.18359
1.07031
0.68359
1.36719
0.86719
0.88672
1.37500
0.75391
1.23438
1.28125
0.73828
1.39062
1.00781
0.80469
1.28125
0.67188
0.79297
1.07812
0.48828
0.96484
1.00781
0.64453
1.36719
1.03516
0.92188
1.44922
0.85547
1.10938
1.31641
0.63281
1.25781
1.25781
1.02734
0.69531
1.41016
0.77344
0.90234
1.28516
1.10547
1.09375
1.09375
0.66797
1.31250
0.97266
0.84375
1.27734
0.70703
0.98438
1.16797
0.60547
1.22656
1.01562
0.73828
1.34766
0.89453
0.95312
1.39062
0.83594
0.83594
1.17188
1.19141
0.61719
1.17188
0.58203
1.27734
1.27734
0.65625
1.27344
0.56641
1.25781
1.17578
0.71484
1.50781
0.94141
0.94531
1.45703
0.70312
0.70312
1.12891
1.23047
0.60938
1.19922
0.88672
0.55078
1.20703
0.76953
0.83203
1.25781
0.71484
1.12500
1.23438
0.80078
1.35938
1.05469
0.86719
1.42578
0.83203
0.97266
1.23047
0.62891
1.16797
1.08594
0.59766
1.26172
0.71094
1.25781
0.53906
0.95312
1.16406
0.60938
1.38672
1.05859
1.05859
0.83984
1.55078
0.90234
1.12500
1.37891
0.69141
1.18359
1.12109
0.72266
1.19922
0.83594
0.64453
1.13672
0.70703
0.79297
1.16406
1.16406
0.68359
1.16016
1.22656
0.75781
1.37891
0.98438
0.89844
1.43750
0.70703
1.08594
1.23438
0.57812
1.24609
0.91016
0.58594
1.35547
0.75781
1.01172
1.40234
0.66016
1.25391
1.08594
0.67969
1.28516
0.77734
0.84375
1.23828
0.75000
0.75000
1.03125
1.11719
0.66406
1.16797
0.98047
0.67188
1.34375
0.83984
1.42969
1.42969
0.75781
1.26172
1.28906
0.76172
1.42188
0.98438
0.74609
1.31641
0.61719
0.84766
1.16797
0.52344
1.16406
1.00391
0.70312
1.34766
0.78906
0.82031
1.28125
0.59375
1.10156
1.29688
0.74609
1.40234
1.08984
0.75781
1.41016
0.75781
0.90234
1.24609
0.67969
1.15625
1.15625
1.16406
0.71484
1.35156
0.92188
0.74219
1.28516
0.65234
0.84375
0.54688
1.13672
1.13672
1.10938
0.67188
1.40625
0.96484
0.96484
0.92188
1.49219
0.76953
1.13672
1.24219
0.56250
1.26172
0.91797
0.64062
1.38672
0.73047
0.93750
1.33984
0.54297
1.23047
1.10938
0.62891
1.45703
0.82031
0.82031
1.35547
0.63672
1.10156
1.19922
0.60938
1.33594
0.95312
0.78125
1.35156
0.69922
0.98438
1.22656
0.66406
1.16406
1.07031
0.66016
1.33594
0.91406
0.80078
1.37891
0.72656
1.03125
1.29688
0.59375
1.25781
1.09766
0.64062
0.83203
0.78125
1.34375
0.62500
0.62500
1.10156
1.23438
0.60156
1.41016
0.66406
0.66406
0.74219
1.00781
1.35156
0.64844
1.23047
1.08984
0.67188
1.31250
0.81641
0.78906
1.28516
0.59766
0.98047
1.19531
0.62109
0.62109
1.34375
1.07422
0.75000
1.43750
0.78906
0.95312
1.32031
0.63281
1.22266
1.18359
0.65625
1.37891
0.83203
0.71875
1.36328
0.64844
0.91797
1.24219
0.57031
1.24609
1.11328
1.11328
0.67188
1.46484
0.90625
1.47266
0.67969
1.06641
1.21484
1.21484
0.50000
1.32812
0.89062
0.62109
1.41406
0.65625
0.96875
1.33594
0.54297
1.25391
1.06641
0.64062
1.42969
0.83203
0.91406
1.41016
0.69922
1.14844
1.19531
0.58594
1.21484
0.90234
0.70312
1.32422
0.83594
0.94531
1.41797
0.82422
1.18359
1.25391
0.60938
1.26172
0.86328
0.56250
1.33984
0.51562
0.85156
1.34766
0.46094
1.19141
1.19141
0.66406
1.67578
0.91016
0.95703
1.51172
0.57812
1.19531
0.53516
1.29297
0.72656
0.66016
1.25391
0.54688
0.93750
1.31641
0.67969
1.37109
1.22266
0.76562
1.51953
0.92969
0.90625
1.41016
0.58203
1.14062
0.48047
1.26172
0.90234
0.90234
0.64453
1.37891
0.71094
0.88672
1.32031
0.61719
1.16016
1.15234
0.67188
1.39844
0.98047
0.90234
1.51562
1.01172
1.29688
0.46484
1.20312
0.98047
0.52734
1.44531
0.76562
1.39062
0.58984
1.14062
1.10547
0.67969
1.30078
0.94922
0.89062
1.39062
0.83203
0.94141
1.23828
0.56641
1.07422
1.05469
0.50391
1.32812
0.88281
0.76953
1.52734
0.72656
1.14453
1.46875
0.67578
1.40234
1.09375
0.59766
1.35938
0.61328
0.80078
1.23047
0.44531
1.14062
1.05859
0.62109
1.39453
0.84375
0.87891
1.42969
0.80859
1.11719
1.30469
0.76562
1.31641
1.04688
0.62500
1.31641
0.73438
0.74609
1.33984
0.50391
1.04297
1.25781
0.62891
1.41016
1.01172
0.78906
1.49609
0.71484
1.02734
1.21875
0.49219
1.21484
0.98047
0.64844
1.35547
0.80078
0.90625
1.43750
1.43750
0.75391
1.08984
0.71875
0.71875
1.28906
0.66016
0.66016
1.34375
0.92188
1.37109
0.53125
1.10938
1.16016
0.48047
1.29297
0.89062
0.75000
1.46484
0.64844
1.03516
1.31250
0.51562
1.34375
1.05078
0.66016
1.49219
0.79297
0.95703
1.42578
0.71484
1.23438
1.23438
1.18750
1.26953
0.64062
1.21094
0.55078
0.85938
1.24609
0.58203
1.28125
1.18750
0.73828
1.58594
0.96484
0.87891
1.50000
0.62109
1.12109
1.20703
1.32422
1.32422
0.82031
0.68750
1.25781
0.60156
0.60156
0.86328
1.20312
0.69922
1.17969
1.23438
0.78125
1.34766
0.98828
0.81250
1.43750
0.70703
1.00391
1.33984
0.51172
1.21875
1.03906
0.56641
1.46094
0.76953
0.88672
1.41016
0.53906
1.17578
1.14844
0.53906
1.28906
0.84766
0.75000
1.35547
0.74609
1.02734
1.35938
0.70703
1.27344
1.13672
0.73438
1.44141
1.01172
1.01172
0.89062
1.37109
0.64844
1.09766
0.45703
1.16797
0.84766
0.62891
1.37500
1.37500
0.79297
1.02344
1.38672
0.67969
1.28516
0.71484
1.35938
0.76953
0.75000
1.32422
0.54297
0.98828
1.23047
0.60156
1.36328
1.10156
0.80078
1.44531
0.87500
1.01172
1.36719
0.69531
1.05859
1.12500
0.60156
1.19141
0.89844
0.58594
1.26953
0.68750
0.93750
1.37109
0.64844
1.29688
1.25000
0.73438
1.46875
0.90625
0.80469
1.42578
0.58594
1.03125
1.20703
0.39453
1.25781
0.91016
0.66406
1.55078
0.71094
1.10938
1.37891
0.61719
1.24609
1.02344
0.65625
0.83203
0.83203
0.83984
1.25781
0.69141
1.05469
1.20703
0.62500
1.17188
1.08984
0.70312
1.39062
0.94922
0.92969
1.48047
0.74219
1.10156
1.23047
0.57031
1.26953
0.94531
0.60938
0.60938
1.37891
0.66016
0.90625
1.28125
0.46875
1.14062
1.04297
0.58203
1.39453
0.81250
0.87891
1.45312
1.24609
1.33594
0.63281
1.42969
1.00781
0.69922
1.34766
0.65234
0.82422
1.27734
0.52344
1.16016
1.14062
0.66797
1.44922
0.96094
0.87500
1.39062
0.80859
0.96875
1.14844
0.77344
0.96094
1.00781
0.99609
0.97266
0.84766
1.15625
1.05469
0.69922
1.23828
0.77734
1.20703
1.10156
1.11719
1.11719
1.04297
1.06250
1.19922
0.74609
1.00391
1.01172
0.73047
0.96094
0.99609
0.91797
0.89453
1.05859
1.12109
0.96484
1.15625
1.07812
1.05078
1.05078
0.90625
1.03125
0.85547
0.87500
1.02734
0.89844
0.98438
1.02344
0.99219
1.06250
1.07031
1.02734
1.12500
1.03906
1.03906
1.07422
0.91797
1.00391
0.96875
0.92578
0.90234
0.93750
0.96094
0.98828
1.01562
1.05078
1.03125
1.07422
1.04688
1.01172
1.01172
0.97266
0.96484
0.94922
0.95312
0.95703
1.00000
1.00000
1.01953
1.03516
1.02344
1.04297
1.02344
1.03125
1.03516
1.03906
1.01562
0.98828
0.98828
0.95312
0.94922
0.95703
0.92969
0.93359
0.94531
0.94531
0.98047
1.00781
1.02344
1.05469
1.04688
1.04688
1.05469
1.05469
1.05078
1.04688
1.03125
1.01562
0.98438
0.97266
0.96875
0.95703
0.96094
0.97266
0.97656
0.96875
0.98047
0.99609
1.00391
1.01562
1.03125
1.03125
1.02734
1.02734
1.02344
1.01172
0.98828
0.99609
0.99219
0.97266
0.98828
0.99219
0.99609
1.00781
1.02734
1.01562
1.01562
1.01562
1.01562
1.00000
1.01562
1.01172
1.00000
0.99219
0.99219
0.98438
0.98047
0.97656
0.98438
0.98828
0.98828
0.99219
1.00000
1.01172
1.02734
1.01953
1.01562
1.01562
1.01953
1.01562
1.01562
1.01172
1.00000
0.98828
0.98828
0.98438
0.97266
0.97656
0.98047
0.98047
0.98438
0.98047
0.98047
1.00391
1.00781
1.01172
1.02344
1.03125
1.02344
1.01953
1.01953
1.01953
1.00391
0.99609
0.98438
0.98047
0.97266
0.97656
0.98438
0.98828
0.99609
1.00781
0.99219
0.99219
0.99609
1.00000
1.00000
1.00781
1.01562
1.01172
1.00781
1.01562
1.01562
1.00000
1.00000
1.01172
0.99219
0.98828
0.99609
0.99219
0.99609
0.99219
0.99219
0.98438
0.99219
0.98828
0.99219
0.99219
0.99609
0.99609
0.98828
1.00000
0.99609
1.00781
1.00391
1.01172
1.01172
1.01172
1.00781
1.01953
1.01562
1.01562
1.00781
1.00391
0.99609
0.98828
0.98047
0.98438
0.97656
0.98438
0.98047
0.98438
0.98828
0.99609
1.00781
1.00391
1.01562
1.01953
1.01953
1.01562
1.00781
1.01172
1.00781
1.00781
1.00781
1.00781
0.99609
1.00391
1.01172
1.00781
1.00391
1.00000
1.00000
0.99609
0.98828
0.99219
0.99219
0.99609
0.99219
0.98828
0.99609
1.00000
1.01562
1.01172
1.01172
1.01172
1.01562
1.01562
1.01172
1.01172
1.00391
1.00391
0.99219
1.00000
0.99219
0.99219
0.98828
0.99219
0.98828
0.99219
0.98438
0.98047
1.00000
1.00000
1.00000
1.00781
1.01172
1.00391
1.00781
1.01172
1.01172
1.01172
1.00391
1.00391
0.99609
1.00391
0.99219
0.99609
0.99609
0.98828
0.98828
0.98828
1.00000
0.98828
1.00391
1.00391
1.00000
0.99219
0.99219
0.99219
0.99219
0.99609
1.00391
0.99219
0.99609
1.00391
1.00781
1.00781
1.01172
1.01562
1.01562
1.00391
1.00781
0.99219
