1.00000
0.98828
1.00391
1.00781
1.00781
1.00391
0.99219
1.00391
0.99219
0.99219
1.00391
1.01172
1.00781
1.00781
1.00391
1.00000
1.00000
0.99609
1.00391
1.00000
0.99219
1.00391
0.99609
0.99609
0.98828
0.99609
1.01172
1.00781
1.00781
1.00781
1.00391
0.99609
0.99219
0.99609
0.98828
0.99219
0.99609
0.99219
0.99219
0.99219
1.01172
1.01172
1.00000
0.99609
1.00000
1.00000
0.99219
1.00000
1.00781
1.00000
1.01172
1.00000
0.99609
0.99609
1.00000
1.00000
1.00391
1.00000
0.99219
0.99219
1.00000
1.00391
1.00000
1.00391
0.99219
0.99609
0.99609
1.00391
1.01562
1.00000
1.00781
1.01172
0.99609
1.00000
0.99219
1.00391
0.99219
0.99609
0.99219
0.99219
1.00000
1.00000
1.00781
1.00781
1.00391
1.00781
1.00391
0.99219
0.99609
0.99219
0.99219
1.00000
1.00000
1.00391
1.00000
1.00000
1.00781
0.99219
1.00781
0.99219
0.99219
0.98828
0.98828
0.99219
0.99609
1.00781
1.00781
0.99609
1.00391
0.99609
0.98828
1.00391
1.01172
1.00391
1.01172
1.00000
0.99219
0.98828
0.99219
0.99219
1.01172
1.00000
0.99219
0.99219
0.99219
1.00391
1.00391
1.00000
1.00781
0.99609
0.98828
0.98828
1.01172
1.01172
1.00000
0.99219
1.00000
1.00781
1.01172
1.01172
1.00781
1.00000
0.98828
0.98828
0.99219
0.99609
1.00781
1.00000
1.00781
1.00000
1.00000
1.01172
0.99219
0.99219
0.99609
1.00391
1.00781
1.00391
1.00781
0.99219
1.00391
1.00391
1.00000
1.00000
0.99219
0.98438
0.98828
0.99219
1.01172
1.01562
1.00000
0.98828
0.98438
0.98828
0.99609
1.00781
1.01953
1.00391
1.00000
1.00000
0.99609
1.00000
1.01172
1.00000
1.00391
0.99609
0.98438
0.98828
1.00000
1.00781
1.00781
1.00000
0.99609
1.00000
0.98828
1.00391
1.00000
0.99219
0.99219
0.99219
0.99609
0.99609
1.00391
1.01172
1.00391
1.00000
0.99609
0.99219
1.00391
0.98828
0.99219
0.99609
0.99609
1.01172
0.99609
1.00000
1.00391
1.00391
0.98828
0.99219
1.00000
0.99219
1.01172
0.99609
0.99219
1.01172
1.01172
1.01172
1.00391
1.00000
0.99609
0.99219
0.99609
1.00000
1.00000
1.00391
0.98828
0.98828
1.00000
0.98438
1.00391
1.02344
1.00391
1.00000
1.00391
1.00391
1.00391
1.00781
1.00781
1.00000
0.99609
0.99609
1.00781
1.01172
0.99609
0.98828
0.99609
1.00391
0.99219
1.00391
1.00781
0.99609
0.99609
0.98438
0.99219
1.00000
1.00000
1.00391
1.01562
1.00391
1.00391
1.01172
0.98828
0.99609
1.00781
1.00391
1.00000
0.98828
0.99609
1.01562
1.00000
1.00781
1.00781
0.99609
0.99609
0.98438
0.98047
1.00000
1.00391
1.01562
1.00391
1.00000
0.99609
0.99609
1.00781
0.99609
1.00781
1.01562
0.99219
0.98438
0.98828
0.99609
1.00391
1.00781
1.00391
1.00000
1.00000
1.00000
1.00391
1.00000
1.00000
1.01172
0.99219
0.98828
0.98828
1.00781
1.01953
1.01172
1.01172
1.00000
0.99219
0.99609
0.99609
1.00391
0.99219
1.00000
1.00000
0.99219
1.00391
1.00391
0.98438
1.00000
1.00391
1.00391
0.99609
0.99219
0.99609
1.00391
1.00391
1.00781
1.00000
1.00391
0.98828
0.99609
0.99219
0.99609
0.99609
0.99609
0.99219
1.00000
1.00391
1.00781
1.00000
1.00000
0.99219
0.98828
0.98828
0.99609
1.01172
1.00781
1.00000
0.99609
0.99609
1.00781
0.99219
0.99609
1.00000
0.99219
1.01172
0.99219
1.00781
1.00781
1.00391
0.99609
0.99609
0.98828
0.99219
0.99609
0.99219
0.99219
1.00000
1.00391
1.00000
0.99219
0.99219
0.99219
1.00391
1.00000
0.99219
0.99219
0.98828
1.03516
1.03516
1.01562
1.07031
0.99219
0.95312
0.89844
0.96094
1.00781
1.00000
1.14844
0.94531
1.07031
0.92578
0.92578
1.16797
0.91797
1.01953
0.97266
0.97266
1.07812
0.82031
1.10156
1.07031
1.09375
0.86719
1.02734
0.92188
0.83984
1.20312
0.80078
0.95703
1.25000
0.87109
0.89062
1.25000
0.84766
0.89844
1.39062
0.69922
0.90234
1.49219
0.28125
1.33594
1.52344
0.00391
1.86719
0.85547
0.10938
2.26562
1.29688
1.68359
-0.22266
2.33203
2.33203
1.19531
1.44141
0.50391
1.48828
0.66406
1.10547
0.98828
0.74609
1.19531
0.65625
1.02344
0.85547
0.87500
0.99219
1.16016
0.84766
1.31641
0.88672
1.31250
0.88672
1.13672
1.03906
1.03906
0.71484
1.26953
1.30469
0.58203
0.97266
1.21875
0.65234
1.23438
1.00000
0.97266
1.36719
1.11328
1.06250
0.97266
1.13672
0.76562
0.89453
0.85156
0.71484
0.71484
0.80859
1.00000
0.93750
1.01953
1.31250
0.99219
1.06641
1.23047
0.91406
1.22266
1.35156
0.75000
0.98047
1.08984
0.56641
1.08984
1.06641
0.53125
1.31250
1.05859
0.64062
1.26172
0.92188
0.71094
1.21875
0.82422
0.87109
1.12500
0.96484
0.96484
1.37500
1.14062
0.92188
1.26562
0.89062
0.90234
1.22266
0.75391
0.94141
1.16797
0.67969
1.07812
1.20703
1.05469
1.05469
1.06250
0.53516
1.11719
1.16016
0.77344
1.35547
1.35547
0.82422
1.39844
1.04297
0.80469
1.13281
0.83984
0.92188
1.00781
0.72266
0.95703
0.89062
0.98828
1.38672
0.90625
1.03125
1.40234
0.71484
1.10547
1.14453
0.54688
0.92188
1.04688
0.57422
0.91406
1.08203
0.81641
1.30859
1.25781
1.05078
1.35547
1.04297
0.97656
1.21094
0.93359
0.96484
0.94922
0.74609
0.92578
0.78516
1.04688
1.04688
0.90234
0.90234
0.84766
0.84766
1.10938
1.64062
1.11328
1.11328
1.18359
1.16797
0.56641
0.91016
1.05859
0.73438
0.85156
0.85156
0.76953
1.12500
0.92188
1.32422
1.00781
1.14453
1.17578
0.80078
1.07422
1.07422
1.06250
0.85156
1.00000
0.76953
0.74219
1.14844
0.88281
1.11719
1.48438
1.33594
1.29297
1.29297
0.56641
1.09766
0.99609
0.69922
0.69141
0.59375
1.00000
0.95703
1.05859
1.22656
1.03125
1.19141
1.00391
0.93359
1.18359
0.81250
1.18750
1.23828
0.84375
0.83203
0.93359
1.05078
1.12891
1.12891
0.90234
1.14453
0.91406
1.05469
1.11719
0.80469
1.08594
1.03906
0.83203
0.94531
0.89453
1.11719
1.08984
0.96875
0.96875
1.03516
1.00391
1.03516
1.03906
1.03906
0.96484
0.91797
0.90234
1.02734
1.02734
0.78906
0.93750
0.88672
0.88672
0.98828
0.98438
0.75391
1.13672
1.21094
0.87500
1.04297
0.95312
1.06641
1.04688
0.86719
1.01953
0.82422
1.01172
1.19531
0.78906
1.19922
1.23047
0.96875
1.17578
0.88672
0.96484
1.16797
0.81250
0.88281
0.92188
0.68750
0.79688
0.96094
0.80469
0.96094
1.14844
1.01562
1.30469
1.21094
1.10547
1.22656
1.04688
1.08984
1.14062
0.95703
0.91016
0.91016
0.98828
0.69141
0.81250
0.83594
0.76172
1.11328
0.98438
1.00781
1.05859
0.91016
1.15625
1.18750
0.98047
1.03906
1.00000
0.87109
1.03906
1.05078
0.84766
1.01562
1.04297
1.00391
1.21094
1.13672
1.00000
1.06641
1.01172
0.97656
0.96875
0.82422
0.87109
0.83594
0.82422
0.86328
1.01953
1.13672
1.02344
1.16406
1.17969
1.17969
0.83203
1.14844
0.95703
0.98438
1.00391
0.87891
1.01562
1.09375
1.04688
1.25000
1.07422
1.03906
1.07812
0.92969
1.02734
0.92188
0.75000
0.88672
0.77344
0.77344
0.83984
0.74609
0.93359
1.16406
1.09375
1.22266
1.23828
1.07031
1.07031
1.23438
1.25000
1.05078
1.33984
1.03906
0.87109
0.98047
0.77344
0.77344
0.81641
0.78906
0.94531
0.86719
1.06250
1.05469
0.96875
1.09766
1.09766
1.04297
0.99609
0.98047
1.02734
1.14062
1.14062
1.03906
1.11719
1.14844
1.01172
1.18750
1.12891
1.08984
1.16016
0.94531
1.03906
0.96875
0.81641
0.79297
0.71094
0.66797
0.78906
0.80859
0.83984
0.88672
0.96484
1.12891
1.18359
1.24219
1.37500
1.28906
1.12500
1.10938
1.14062
0.91406
1.05078
1.17969
0.92969
0.91797
0.83594
0.68359
0.93750
0.93359
0.84766
0.91406
0.90625
0.74219
1.05859
1.03125
0.92578
1.21875
1.05078
1.05469
1.07422
1.00000
1.11719
1.11328
1.25000
0.98047
0.93359
1.14062
1.23047
1.17969
1.13672
1.00391
0.70312
0.88672
0.78125
0.76172
0.82031
0.53906
0.80859
0.87109
0.72656
0.92578
1.01172
1.33203
1.35547
1.16016
1.34375
1.32422
1.50000
1.18750
0.91797
0.80469
0.69531
0.67969
0.80859
0.80859
0.88281
0.82422
1.02734
1.09766
1.01172
0.85547
0.88672
0.84766
0.77344
0.70312
1.10547
1.12109
1.28516
1.34766
1.20312
1.27734
1.30078
1.31250
1.21875
1.08984
0.96094
0.81250
0.64062
0.72266
0.60156
0.74219
0.57812
0.80859
1.14844
1.05859
1.20312
1.26172
1.03125
1.16406
1.09375
1.09375
0.92969
1.19531
1.05469
1.05469
1.03906
0.91797
1.18359
1.07422
1.15625
1.08984
0.89062
1.01172
1.01562
0.94141
1.01172
0.77734
0.74219
0.73438
0.40234
0.76562
0.85938
0.89844
1.16797
1.10547
1.20312
1.34766
1.35156
1.39844
1.37891
1.16406
0.95312
1.13281
1.02734
1.06250
1.05859
0.87500
0.88672
0.75781
0.60938
0.76562
0.68359
0.80469
0.77344
0.66406
0.89844
0.96875
1.05078
1.27734
1.28906
1.18750
1.28906
1.21875
1.19531
1.19531
1.04688
0.99219
1.06250
1.07422
1.11328
1.13281
0.95703
0.98828
0.93750
0.74609
0.78125
0.55078
0.50391
0.53516
0.78125
0.78125
0.86719
1.39453
1.33203
1.23438
1.41016
1.22656
1.34375
1.33594
1.28516
1.30859
1.03125
1.00781
0.86719
0.81641
0.78906
0.87109
0.85547
0.75391
0.75391
0.65234
0.84766
1.03516
0.99609
1.12109
0.98828
0.71094
1.00000
1.00781
0.87891
1.28516
1.28516
1.11328
1.03125
1.30469
1.14844
1.21484
1.41016
1.17969
1.17969
1.06250
0.82422
0.89844
0.70312
0.74609
0.77734
0.76953
0.90625
0.81250
0.79688
0.92578
0.81250
0.96875
1.11328
1.12500
1.15625
1.06641
1.14844
1.16406
1.21875
1.21875
1.42188
1.26562
1.32422
1.22656
1.00000
1.03125
0.97656
0.94141
0.75391
0.64453
0.54688
0.55078
0.47656
0.43750
0.85547
0.91797
1.03125
1.36719
1.36719
1.46094
1.59766
1.41797
1.07031
1.01562
0.77734
0.85938
1.01953
0.88281
1.02344
0.92578
1.01172
1.12500
1.07812
0.99609
0.89453
0.83203
0.97266
0.87891
0.83984
0.87109
0.81250
0.89453
1.01172
0.94141
0.94141
0.82422
0.83594
0.87500
1.07422
1.30469
1.26172
1.43359
1.42188
1.40234
1.28906
0.99609
0.87500
0.89844
0.69531
0.53516
0.48828
0.45312
0.59766
0.70703
0.80078
0.91406
0.88672
1.21875
1.33984
1.41016
1.46875
1.32031
1.23047
1.26172
0.98828
1.12891
1.08203
0.95312
1.05078
0.88672
0.92188
0.78125
0.85156
0.95703
0.81641
0.91406
0.76562
0.82422
0.87109
0.84375
0.90625
0.90625
0.96484
0.98828
1.19141
1.14062
1.08594
1.31641
1.21875
1.41406
1.21094
1.14453
1.14453
0.89453
0.91406
0.75391
0.55469
0.69531
0.66016
0.66016
0.65625
0.69531
0.70703
0.87891
0.89453
0.97656
1.16016
1.12500
1.19922
1.28125
1.24609
1.22656
1.39453
1.16406
1.19531
1.01172
1.01172
1.11328
0.96094
0.90625
1.01562
0.81641
0.85156
0.76172
0.76562
0.76562
0.59375
0.78125
0.71484
0.67578
0.80859
0.94922
1.10938
1.15234
1.33594
1.29688
1.32031
1.58594
1.41797
1.35938
1.33203
1.14062
1.09375
0.98438
0.73438
0.62109
0.65234
0.61328
0.51953
0.63281
0.46875
0.46875
0.86328
0.98438
1.26953
1.55859
1.35156
1.33594
1.26953
1.03906
1.08203
0.95312
0.94531
0.99609
1.00781
1.23047
1.31250
1.23438
1.17969
1.08984
0.92578
1.02734
0.88672
0.82422
0.79297
0.57422
0.39453
0.44141
0.59766
0.74609
0.99219
1.14844
1.08984
1.05469
1.43750
1.45703
1.54688
1.43359
1.09375
1.22266
1.08984
0.87109
1.13672
0.91406
0.84375
0.84375
0.90625
0.68750
0.68359
0.75000
0.77344
0.72266
0.79297
0.77344
0.93359
1.08984
1.07422
1.18750
1.10938
1.10938
1.25781
1.24609
1.31641
1.30078
1.28516
1.24219
1.09375
1.06641
0.92969
0.94141
0.83594
0.63672
0.79688
0.63281
0.74219
0.86719
0.79297
0.85547
0.69141
0.75781
0.89453
0.86719
1.17188
1.26172
1.28516
1.46484
1.28125
1.40625
1.31641
1.42578
1.14062
0.89453
0.85938
0.78125
0.64844
0.67969
0.66797
0.68359
0.71484
0.67188
0.69141
0.85156
0.85156
0.81641
1.01172
1.03516
0.97656
1.21875
1.21484
1.26562
1.37891
1.17969
1.34766
1.35938
1.24609
1.42188
1.05859
0.92578
0.90234
0.81641
0.70312
0.69531
0.66016
0.62500
0.76562
0.69531
0.85156
0.85156
0.96484
0.96875
1.04297
1.00000
1.00000
1.05078
1.09766
1.30078
1.42969
1.27734
1.23828
1.19922
1.17188
1.34375
1.20703
1.00781
1.03516
0.97266
0.87891
0.94141
0.55078
0.64062
0.58203
0.57031
0.65625
0.62891
0.92188
1.00391
1.07812
1.39453
1.22266
1.39844
1.52734
1.23438
1.32031
1.07812
1.07812
1.19922
0.87109
0.97656
0.84375
0.75000
0.94531
0.73047
0.59766
0.69531
0.50000
0.73438
0.73438
0.82422
0.77344
1.01953
0.94141
0.99219
1.28906
1.21094
1.42578
1.54297
1.42188
1.32422
1.41797
1.19922
1.10156
1.11328
0.68750
0.83594
0.90234
0.69141
0.75781
0.63672
0.48047
0.71094
0.82422
0.85547
1.05859
0.94531
0.90625
1.00781
0.98047
1.08984
1.25391
1.26953
1.39062
1.34375
1.10938
1.23047
1.16797
1.23047
1.32812
0.95312
0.88281
0.78125
0.89062
0.74219
0.85547
0.71484
0.73828
0.74219
0.69922
0.72656
0.73438
0.91016
1.03125
0.98438
1.11328
1.14453
1.31641
1.52344
1.45703
1.47266
1.45312
1.31641
1.34375
1.34375
1.10547
0.73828
0.62891
0.50391
0.51562
0.51562
0.43359
0.89062
0.94922
1.00000
1.14844
1.26172
1.21484
1.30078
1.23047
1.30469
1.41016
1.18359
1.21484
1.10156
1.28125
1.28125
1.07031
0.95703
0.58984
0.61328
0.65625
0.62891
0.60938
0.70312
0.71094
0.72656
0.72656
0.96094
1.02734
1.30469
1.30469
1.16797
1.16016
1.13672
1.14062
1.32031
1.32812
1.36328
1.36328
1.31250
1.20312
1.02734
1.04688
1.02344
0.87500
0.74219
0.71484
0.45312
0.40625
0.49609
0.59766
0.75391
0.82031
1.00781
1.06641
1.17578
1.25000
1.20312
1.41016
1.38672
1.48047
1.44531
1.27734
1.36328
1.16016
1.08984
0.98438
0.73438
0.73047
0.54688
0.52344
0.70312
0.55078
0.61719
0.77734
0.79297
0.96484
1.02734
1.02734
1.05859
1.16016
1.18359
1.14062
1.16406
1.23828
1.32031
1.23047
1.21094
1.30859
1.12891
1.14453
1.12891
0.82812
0.83203
0.76953
0.59766
0.64453
0.62109
0.66406
0.82422
0.90234
0.83203
0.90234
1.01562
1.01953
1.24609
1.20703
1.21094
1.42969
1.12500
1.15625
1.30469
1.17188
1.29688
1.14453
0.99609
0.96484
0.82031
0.84766
0.72656
0.71484
0.72656
0.67188
0.82422
0.80859
0.81641
0.82422
0.91016
0.98828
1.03125
1.17188
1.17188
1.39844
1.35938
1.26953
1.35938
1.22266
1.22656
1.20703
0.97656
0.97656
0.88672
0.84766
0.67188
0.60547
0.52734
0.51562
0.51562
0.72656
0.85547
0.99609
0.98828
1.25391
1.28906
1.29688
1.42578
1.22656
1.30469
1.05469
1.06641
1.07812
1.07812
0.79688
0.80078
0.95312
0.85156
1.12891
1.28125
1.21484
1.12109
0.83203
0.64062
0.62109
0.56250
0.59766
0.95703
0.78516
0.75000
1.01562
0.87500
1.26172
1.41406
1.25781
1.50000
1.20312
1.16406
1.37109
1.37109
1.08984
1.19922
0.89453
0.82422
0.92578
0.71484
0.68359
0.78906
0.57422
0.57422
0.69922
0.73047
0.63672
0.88672
0.92969
1.09766
1.25000
1.11328
1.25391
1.26953
1.26953
1.58984
1.21094
1.13281
0.79297
1.01562
0.95312
0.95312
0.81250
0.87500
1.00391
0.76172
0.83984
1.01562
0.78125
1.08984
0.94531
0.79688
0.75781
0.76562
0.76562
0.87109
1.04297
1.04297
0.94922
1.14453
1.13281
1.50000
1.28906
1.33594
1.19922
1.08984
1.17188
0.95703
0.87109
0.84375
0.66406
0.66406
0.73047
0.79688
0.64062
0.69531
0.70312
0.91016
0.91016
0.92578
1.13281
1.19531
1.19531
1.12109
1.30859
1.28516
1.21094
1.26172
1.26562
1.19922
1.13672
0.91406
0.92969
0.79297
0.79297
0.80078
0.63281
0.63281
0.80859
0.72656
1.01953
0.92188
0.97656
1.11719
0.97266
1.17578
1.16797
1.05859
1.19531
1.09375
0.92188
1.14453
0.99609
1.03516
1.20312
1.01562
1.19141
0.96875
1.15234
1.05078
0.83594
0.85156
0.64844
0.60156
0.60156
0.76172
0.64453
0.74609
1.02734
1.02734
0.89844
0.98828
1.32422
1.21094
1.33984
1.35156
1.10547
1.24609
1.17578
1.14453
1.16406
1.00391
1.01562
0.86328
0.79688
0.73438
0.72656
0.80859
0.84766
0.74219
0.78516
0.83594
0.93750
1.32031
1.08203
0.99609
1.11719
0.81250
1.19141
1.41406
1.25391
1.55078
1.32031
1.05078
1.17188
1.01953
0.86328
0.92188
0.62109
0.61328
0.63281
0.51562
0.66797
0.73438
0.96094
1.17578
1.11719
1.06250
1.13672
1.03906
1.10938
1.25781
1.03906
1.23047
1.32812
1.06250
1.28516
1.13281
0.89453
1.19922
0.87109
0.87109
0.74219
0.67969
0.88281
0.78516
0.83203
0.82031
0.71875
1.01562
1.00000
0.90625
1.13672
1.08984
1.07031
1.21484
1.08984
1.27344
1.38281
1.23828
1.23828
0.94922
0.93359
1.02734
0.98047
0.90625
0.87500
0.78125
0.61328
0.80078
0.84766
0.87500
1.01172
0.84375
0.87109
0.91797
0.88672
1.15625
1.14062
1.21875
1.28906
1.10547
1.17188
1.17188
1.17188
1.08984
0.82031
1.04297
1.09375
1.05469
1.27344
1.03125
0.69531
0.70703
0.63281
0.61328
0.63281
0.63281
0.95703
0.87109
1.14062
1.37109
1.35938
1.46094
1.10156
1.10938
1.25391
1.14453
1.23828
0.93359
0.93359
0.94922
0.84375
0.92969
0.92578
0.71484
0.92578
0.76172
0.49219
0.75000
0.75781
0.90625
1.11328
0.97266
1.11328
1.11719
1.01953
1.01953
1.32422
1.34766
1.09766
1.24219
1.27344
1.23438
1.33984
1.12500
1.12109
0.80859
0.50781
0.75391
0.71484
0.46094
0.75391
0.71875
0.88672
1.02344
1.08594
1.20312
0.91797
1.21094
1.04688
0.94531
1.12109
1.24219
1.20312
1.20312
1.06641
1.19922
0.99609
1.15625
1.02344
1.14062
0.80859
1.09766
0.65234
0.93359
0.77344
0.66406
1.00781
0.48047
1.12109
0.50391
1.07422
0.83984
1.68750
0.82422
1.47656
1.47656
1.31641
0.82812
1.68359
0.81641
1.03125
1.35938
0.57812
1.17578
0.90234
0.79297
1.10156
0.85156
1.08203
0.86328
0.64062
0.94922
0.84375
0.64844
0.96484
0.97656
0.86719
0.94531
1.09766
1.23047
1.23047
1.14062
1.39453
1.39453
1.09375
1.07031
1.32422
0.96875
0.97266
1.05078
0.87500
1.05469
0.73047
0.64844
0.96484
0.65625
0.79297
1.05078
0.87500
0.98047
1.10938
1.11328
1.20312
1.03125
1.09766
1.12109
0.91406
0.94141
0.99609
1.08594
1.20703
1.20703
1.12500
1.10938
1.03125
0.99219
0.89844
0.82422
0.80469
0.76953
0.81641
0.86328
0.87500
0.95312
1.00000
1.01953
1.05078
1.06250
1.08203
1.11328
1.17578
1.20312
1.21094
1.21094
1.16016
1.12109
0.96875
0.90234
0.82031
0.82031
0.75781
0.75391
0.82031
0.89062
0.96875
1.04297
1.07812
1.08984
1.11719
1.10938
1.08984
1.05469
1.02344
0.98047
0.96875
0.98047
1.00391
1.01953
1.03516
1.04688
1.03906
1.03906
1.03906
1.03516
1.01562
1.01562
0.96094
0.91797
0.90234
0.90625
0.91406
0.90234
0.90625
0.93359
0.96875
1.00000
1.05469
1.09766
1.11328
1.11328
1.10156
1.08984
1.05469
1.04297
1.01953
0.99219
0.96094
0.96094
0.94531
0.94531
0.94531
0.95312
0.98047
0.97656
0.97266
0.97656
0.97656
0.98047
0.98828
0.99219
0.98828
0.97656
0.97266
1.01172
1.01172
1.02734
1.05078
1.05469
1.05469
1.04688
1.04297
1.02734
1.01172
0.99219
0.95703
0.92578
0.91797
0.92188
0.92188
0.94141
0.96094
0.98438
0.98828
0.98828
1.00000
1.03125
1.04297
1.04688
1.04297
1.04297
1.03516
1.04297
1.03516
1.02734
1.01172
1.00000
0.97656
0.97266
0.98047
0.97656
0.97266
0.97266
0.96875
0.96875
0.98047
0.99609
0.99609
0.99219
0.98438
0.99219
1.01172
1.01953
1.04297
1.04688
1.05078
1.05078
1.05859
1.04688
1.03906
1.01953
0.99609
0.97266
0.94531
0.92188
0.92188
0.91797
0.93359
0.94922
0.94922
0.96484
0.98828
1.02344
1.04297
1.06250
1.05469
1.04297
1.03516
1.03125
1.01562
1.00000
0.99219
0.99219
0.99219
0.98438
0.98438
0.98047
1.00000
1.00391
0.99609
0.98047
0.97266
0.97656
0.97266
0.97266
0.97656
0.98047
0.99219
1.00781
1.03516
1.04297
1.04688
1.05859
1.05078
1.04297
1.04297
1.04297
1.02344
0.98438
0.97266
0.95312
0.95312
0.95312
0.94922
0.96875
0.97656
1.00781
1.01172
1.01172
1.01953
1.02734
1.02344
1.01953
1.03125
1.01953
0.99609
0.99609
0.99609
0.99219
0.98047
0.98047
0.98438
0.98828
1.00000
1.00000
0.99219
0.99219
0.99609
0.99219
0.98438
0.98047
0.98047
0.98438
0.99219
1.00000
1.01172
1.00391
1.00391
1.00391
1.02734
1.02734
1.03516
1.04688
1.02344
1.00391
0.99219
1.00391
0.98828
0.97266
0.95312
0.95312
0.98047
0.98828
0.99219
0.99609
1.01562
1.01953
1.03125
1.02734
1.01953
1.01953
1.01172
1.00781
1.00391
0.98828
0.99219
0.99219
1.00000
1.00781
1.00391
1.01172
1.00391
0.99219
1.00781
1.01953
1.00391
0.98828
0.97656
0.97656
0.98828
1.00000
0.98828
0.99609
0.99219
0.99219
0.99609
1.00391
1.01172
1.01562
1.01562
1.00781
1.00000
1.00781
1.00781
1.00000
0.98828
0.97656
0.98047
0.98828
0.99609
1.01172
1.01562
1.01172
1.01172
1.00391
1.00781
1.01172
1.00781
1.00781
0.99219
0.97656
0.98047
0.98438
0.98828
1.01172
1.01562
1.01953
1.00391
1.01172
1.02344
1.01953
1.01562
1.00391
1.00781
0.99219
0.98438
0.98438
0.98438
0.99219
0.99219
0.99609
0.99609
0.99609
1.01172
1.01953
1.01172
1.00781
1.00391
0.98828
0.99219
0.99219
1.00000
0.99609
1.00000
0.99219
0.99219
0.99609
0.99609
1.00000
0.99609
0.99609
0.99609
0.98828
0.99219
0.99219
1.00000
1.00000
1.00000
