1.00391
1.00000
1.01562
0.99609
0.99609
1.00000
0.99609
0.99609
1.00000
0.99219
0.98438
0.98438
1.00000
1.00000
1.01172
1.00000
1.00000
1.00781
0.99609
0.99609
0.99609
0.99609
1.00000
0.99219
0.98828
0.98828
1.00391
1.01172
1.00781
1.00391
0.99609
1.00781
0.99609
1.00391
1.01172
0.99609
0.98828
0.99609
0.99219
0.99609
0.99219
1.00391
1.01172
0.99609
1.00391
1.00000
1.00000
1.00391
0.99609
0.99219
0.99609
0.99609
0.99219
0.99219
1.00391
1.01172
1.00781
1.00391
0.99609
1.00000
0.99609
0.99609
0.99219
0.99609
0.99609
1.00000
1.00000
0.99609
1.00781
0.99609
0.99219
1.00000
1.00000
1.00781
1.00000
0.99609
1.00391
0.99609
0.99219
0.98828
0.99609
1.00000
1.01562
1.00781
0.99609
1.00000
1.00000
1.00000
1.00000
0.99219
0.98828
1.00000
0.98828
0.99219
0.99219
1.00000
1.01172
1.01172
0.99609
0.99219
1.00391
1.01172
0.99609
1.00391
0.99219
0.98828
0.99219
0.98828
0.99219
1.00000
1.01172
0.99609
1.00391
0.99219
1.00391
1.00391
1.00000
1.00391
0.99219
0.98828
0.99609
0.99609
0.99609
0.98828
1.00000
1.00000
1.00000
1.00781
1.01562
1.00391
1.00000
1.00000
0.99609
1.00000
0.99609
0.99609
1.00000
0.99219
1.00391
1.00000
0.99609
0.99609
1.00000
1.00391
0.98828
1.00391
0.99609
0.99609
1.00000
0.99219
0.99219
1.00000
1.00391
1.00000
1.00781
1.01562
0.99609
1.00391
0.99609
0.99219
1.00391
1.00000
0.99219
0.99219
0.98828
1.00391
1.00391
1.01172
1.01172
1.00391
1.00000
0.99609
1.00000
0.99609
0.99609
1.00391
0.99609
0.98828
0.98828
1.00000
1.01562
1.00391
1.00000
1.01172
0.99609
0.99609
0.99609
1.00391
0.99219
1.00000
1.00391
1.00391
0.99219
0.99609
1.00781
1.01172
1.01172
0.99219
0.99609
0.99609
1.00000
1.00000
1.00391
1.00000
0.99609
0.99609
1.00000
0.99219
0.99219
1.01562
1.00781
0.99609
0.99609
1.01172
1.00000
0.99609
1.00000
1.00000
1.00000
1.00391
0.99609
0.99219
0.99219
1.00391
1.01172
1.00000
1.00000
1.00781
1.00000
0.99609
1.00000
1.00781
0.99219
0.99219
0.99219
0.98828
0.99219
0.99609
1.00781
1.01172
0.99609
1.00391
0.99609
1.00000
1.00391
1.00391
1.00000
0.99609
0.99609
1.00000
0.99219
0.99609
0.99219
1.00781
1.00391
1.00781
1.00000
1.00391
1.00000
1.00391
0.99219
0.99219
0.98828
0.98828
0.99219
1.00781
1.00391
1.01172
1.00391
0.99219
0.99219
1.00000
1.00391
1.00000
0.98438
0.98828
0.99609
0.99219
1.00000
1.00781
1.00781
1.00781
1.00781
1.00000
1.00000
1.00391
1.00391
0.99219
0.99219
0.99219
0.99219
0.99609
1.00000
1.00391
1.00781
1.00391
1.00391
1.00000
1.00000
0.99609
1.00000
1.00391
0.99609
0.99609
1.00000
0.99609
0.99609
1.00000
1.00391
1.00391
0.99609
1.00391
1.00000
1.00391
1.00391
0.99219
1.00000
1.00391
0.99219
0.99609
1.00000
1.00391
1.00391
1.00000
0.99609
1.00391
1.00781
0.99609
1.00000
1.00391
1.00000
1.00000
0.99609
0.99219
1.00391
0.98828
1.00391
1.01172
0.99609
1.00391
0.99609
0.99609
1.00000
1.00000
0.99609
0.99609
1.00781
1.00391
1.00000
0.99609
1.00000
1.00000
0.99609
1.00000
1.00000
1.00000
1.00781
1.00781
1.00000
0.98828
1.00000
1.00391
1.00391
0.98438
0.99219
1.01172
1.01172
1.00000
0.99219
0.99609
1.00391
1.00000
1.00781
1.00391
0.99609
1.00391
0.99219
0.99219
0.99609
0.99609
1.00781
0.99609
0.99609
1.00000
0.99219
1.00391
1.00391
1.00391
1.01172
1.00391
0.99609
0.98828
1.00000
1.00000
1.00000
1.00000
0.99219
1.00000
1.00000
1.00391
1.00781
1.00781
1.00000
1.00391
0.98828
0.99609
1.00391
0.99609
1.00000
0.99609
0.99609
1.00781
1.01172
1.01172
1.00781
1.00000
1.00000
1.00000
0.98438
0.99609
0.99609
1.00391
1.00391
0.99609
1.00000
1.00781
1.00781
1.00000
0.99219
0.99609
0.99609
0.99609
0.99219
0.99219
0.99219
0.99219
1.01172
1.01172
1.00000
1.00781
1.00781
1.00000
0.99609
0.99219
1.00000
1.00000
0.99219
0.99219
0.99219
0.99219
1.00391
1.01172
1.00391
1.00391
0.99609
1.00000
1.00000
1.00391
1.00000
1.00391
1.00000
0.99219
1.00000
0.99609
0.99609
1.00391
1.00000
1.00000
1.00000
0.99219
0.99609
1.00781
0.99609
1.00391
0.98828
0.99609
1.00000
1.00000
1.00391
1.00391
1.01172
1.00391
0.99609
1.00000
1.00000
0.99609
1.01562
1.00000
1.01953
1.03906
0.90234
0.96484
0.94531
0.96875
1.04297
1.03906
0.99609
1.16016
0.92188
1.05078
0.93750
0.88281
1.14062
0.87500
0.91797
1.03125
1.00781
1.00781
0.96094
1.06641
0.91406
1.14453
0.97266
1.02344
1.10547
0.69141
1.30078
0.90234
0.83594
1.46484
0.86328
0.91406
1.23438
0.92188
0.78516
1.25781
0.72266
0.61719
1.56641
0.22656
0.86719
1.82422
0.00391
1.68750
1.41406
-0.07422
-0.07422
2.42188
0.29297
0.93750
2.19141
0.95312
1.26953
0.47656
1.26953
1.04688
1.04688
1.01953
0.77344
0.69531
1.21094
0.79297
0.79297
1.01172
1.14844
0.76562
1.50000
1.03125
1.25781
1.09766
0.88281
1.17578
0.66797
1.21875
0.81641
1.08203
0.84766
0.76953
1.03125
0.54688
0.94141
1.03516
0.82031
1.16016
0.91016
1.07422
1.19141
1.40625
1.15625
1.19922
0.68750
0.82031
1.05078
0.84766
1.13281
1.24609
0.80078
1.05859
1.11328
0.66016
1.22656
1.05859
0.57812
1.27734
0.75391
0.69922
1.32422
0.65234
0.97266
1.40625
0.47266
1.26172
1.39453
0.58984
1.57422
1.19531
0.70703
1.45703
0.68359
0.86328
1.32812
0.39062
0.91797
1.23828
0.54297
1.23828
0.94531
0.66016
1.48828
0.76172
1.09766
1.41016
0.64453
1.35547
1.01172
0.56641
1.45312
0.59766
0.84375
1.46875
0.54297
1.12891
1.25781
0.49609
1.37109
1.18750
0.84375
1.37109
0.49609
0.92188
1.45312
0.53906
1.11719
0.44922
1.21484
0.63672
0.80078
1.56250
0.66797
1.07031
1.28516
0.56641
1.35156
1.16016
0.76953
1.46484
0.89453
0.99219
0.99219
1.43359
0.69141
1.05469
1.07031
0.61328
0.96094
0.57031
0.60938
1.26562
1.07812
1.50781
0.66016
1.27344
1.27344
1.23438
0.90234
1.53516
0.87109
1.02344
1.25391
0.59766
1.19531
1.15625
0.71875
1.27734
0.70703
0.57812
1.12500
0.50781
0.92578
0.92578
1.32422
0.61719
1.17969
0.63281
1.45703
0.92969
1.07031
1.61719
0.70312
1.24609
1.44141
0.45312
1.33203
0.95703
0.54688
1.20312
0.49609
0.67969
1.08203
0.44531
1.20703
1.33984
0.76562
1.31250
0.87891
0.88281
1.62109
0.92578
1.16797
1.52734
0.63672
1.18750
0.98047
0.58203
1.32031
0.59375
0.87500
1.20703
0.38281
1.11328
1.08203
0.61328
1.40234
0.96094
0.87109
1.32422
0.64844
1.13672
1.42188
0.66797
1.42188
1.09375
1.47656
0.67188
0.92188
1.53125
0.49609
1.07812
1.18359
0.48438
1.29297
0.89453
0.61328
1.33203
0.55469
0.84766
1.31641
0.46484
1.18359
1.27734
0.84766
1.64062
0.98828
0.96094
1.64453
0.67188
1.10938
1.41406
0.33203
1.01953
0.88281
0.52734
1.20703
0.68359
0.76953
1.28516
0.71875
1.19531
1.33984
0.73828
1.42969
1.05469
0.78906
1.43750
0.67188
0.92188
1.33203
0.43359
1.07812
1.07812
1.18750
0.61719
1.45312
1.00000
0.89844
1.60547
0.80469
1.22266
0.30859
1.00000
0.79688
0.39062
1.05078
0.53906
1.00781
1.51562
0.87500
1.50781
1.50781
1.46094
0.92188
1.58984
1.18359
0.97656
1.35156
0.51172
0.65234
1.11719
0.33594
0.91797
0.80859
0.34766
1.35938
0.79297
0.76953
0.76953
1.39453
0.78516
1.67578
1.67578
1.00000
1.44531
0.94922
0.92969
1.37109
0.66406
0.83594
1.03516
0.39453
1.00391
1.01953
0.53906
1.20703
1.01172
0.91797
1.45703
0.57812
0.96094
1.19922
0.56250
1.46484
1.11328
0.79688
1.59766
0.95703
1.00000
1.25000
0.52734
0.95312
1.23438
0.68750
1.19141
0.89062
0.75781
1.40625
0.77344
0.87500
1.17188
0.33594
1.07422
0.98438
0.70703
1.59375
1.04297
1.02734
1.47656
0.61328
1.03906
1.35156
0.63672
1.37109
1.05859
0.65625
1.24609
0.51953
0.89844
1.34766
0.53516
1.24219
1.23438
0.51562
1.26953
0.83203
0.98438
1.62891
0.72656
1.05469
1.17188
0.30078
1.23438
0.98047
0.61328
1.56641
0.83203
1.00000
1.40625
0.59766
1.05469
1.25781
0.75391
1.26562
0.91797
0.63281
1.33203
0.72656
0.99609
1.54297
0.57812
1.17188
0.98828
0.41016
1.24609
0.72656
0.87891
1.60547
0.53906
0.98438
1.38672
0.53906
1.15625
1.14453
0.98047
1.59375
1.03516
1.21484
0.55078
0.87109
0.88672
0.37891
0.82812
0.57812
0.63672
1.34766
0.81250
0.81250
1.25000
1.64453
0.88672
1.41406
1.19531
0.65625
1.23438
0.90234
1.15234
1.45703
0.55078
0.85547
0.94141
0.42578
1.15625
0.84766
0.75391
1.31250
0.52344
1.08203
1.39453
0.76172
1.57812
1.28906
0.67969
1.24609
1.24609
0.57031
0.70312
1.47266
0.66797
1.23438
1.25391
1.29297
1.07422
0.92188
1.61719
0.82031
1.02344
1.15625
0.50781
0.98047
0.85156
0.60938
1.21094
0.69531
0.69922
1.40234
0.61328
1.35547
1.56641
0.95312
1.56641
1.04297
0.71484
1.33984
0.54297
0.85547
0.85547
0.44531
1.00781
1.01172
0.61328
1.35938
0.92969
0.96484
1.49219
0.69531
1.06250
1.27344
1.27344
0.51172
1.26562
1.11328
0.88672
1.28906
0.62500
0.62500
1.16797
0.59766
1.21484
1.35938
0.80859
1.44531
0.99609
1.53125
0.78516
1.10156
1.16016
0.16797
0.64062
0.74219
0.35938
1.33594
1.04688
0.96094
1.47266
0.80078
1.19531
1.57031
0.98438
1.56250
1.17969
0.74219
1.22266
0.64453
0.87109
1.27344
0.97266
0.99609
0.30469
0.96875
0.89453
0.92578
1.54297
0.89062
0.89062
1.13672
1.25000
0.57422
1.20312
1.13281
0.84375
0.83984
1.03906
1.21094
0.67578
1.16797
1.24609
0.78125
1.15234
0.53516
0.53516
1.14844
0.68750
1.08203
1.31250
0.66016
1.26953
0.99609
0.81250
1.58594
0.93359
1.17578
1.39844
0.56250
1.05469
1.03516
0.69531
1.25781
0.88672
0.59766
1.12109
0.58594
0.97656
1.33594
0.75781
1.44141
1.34375
0.75781
1.26953
0.64062
1.14844
0.80469
1.25000
1.25000
1.33203
0.81250
1.25391
1.08203
0.78516
1.14453
0.70703
0.91016
1.31250
0.75000
1.19922
1.14844
0.65234
1.22266
1.01953
0.90234
1.11328
0.42969
0.81641
1.10938
0.71484
1.45703
1.35938
0.91406
1.37500
0.73828
0.73047
1.20703
0.64844
1.23047
1.24219
0.49609
1.08984
0.84375
0.73828
1.55078
0.99609
0.99219
1.19531
0.52344
1.05469
1.12891
0.81641
1.46484
1.05078
0.93359
1.29688
0.66797
1.03906
1.21875
0.59766
1.15234
0.83203
0.44141
1.12891
0.75000
1.10938
1.45312
0.72266
1.06641
1.21094
0.92578
1.48828
1.09766
0.80078
1.15625
0.50781
0.81641
1.16797
0.53125
1.18750
1.17578
0.87109
0.93750
0.93750
1.33203
0.65625
0.65625
0.96875
0.50000
1.18359
1.03516
0.76172
1.34766
0.70312
0.88672
1.32422
0.72656
1.41406
1.26562
1.26562
0.84766
1.27734
0.94531
0.91797
1.18750
0.70312
0.90625
0.88672
0.50391
0.88281
0.90234
0.77734
1.28516
1.10547
1.30078
1.52734
0.95703
1.18750
1.19531
0.69531
1.11719
0.83203
0.55859
1.09766
0.57031
0.89062
1.20312
0.69531
1.44141
1.22656
0.94141
1.39062
0.92969
0.96875
1.15234
0.74219
1.00781
0.96875
0.56641
0.97266
0.83984
0.78906
1.22266
0.77734
1.13281
1.36328
1.03516
1.58203
1.25000
0.84375
1.12109
0.64453
0.63672
1.12891
0.69922
1.03125
1.28516
0.77734
0.77734
1.21875
1.06641
0.86719
1.24609
0.94141
0.88672
1.10547
0.49219
0.87891
0.95703
0.67969
1.24609
0.91406
1.04688
0.85156
1.25000
1.35156
0.98828
1.51172
1.30469
0.84766
1.11328
0.69531
0.56641
1.00000
0.44141
0.62891
0.91406
0.50781
1.22266
1.20312
1.03125
1.60938
0.91797
1.19531
0.52344
1.08203
1.18750
0.93359
1.58203
1.34375
1.25391
1.32812
0.75391
0.83984
0.80469
0.38281
0.68359
0.75000
0.42578
1.09766
0.95703
1.08984
1.49609
0.98828
1.26172
1.32031
0.71875
1.14453
1.01172
0.78516
1.21875
1.05078
1.14453
1.27344
0.82422
1.16797
1.07422
0.68359
1.04297
1.01953
1.01953
0.86719
1.17578
0.89844
0.81641
0.79688
0.42188
0.80469
0.68359
1.26562
1.06641
1.35156
1.57422
1.10547
1.48047
0.98438
1.23438
0.89844
0.75000
1.00000
0.50391
0.67578
0.93750
0.49609
0.98047
1.04297
0.66797
1.21875
1.21875
0.92969
1.47266
0.94922
1.30469
1.33984
0.91797
1.25000
1.25000
0.78516
1.04297
0.77344
0.79297
1.11719
0.61719
1.18359
1.18359
1.17188
0.77344
1.19922
0.71484
0.69141
1.19922
1.05469
1.28125
0.86328
1.26953
1.25781
0.93359
1.26953
1.06641
0.97656
1.16406
1.16406
0.71484
0.97266
1.03906
0.70312
1.10547
1.00391
1.14844
0.67578
0.91016
0.91016
1.13281
0.66406
1.07812
0.98828
0.74219
1.22656
1.03906
1.09375
1.39453
0.99609
1.27734
1.32422
0.73438
1.03906
0.97266
0.67578
1.03906
0.68750
0.74219
0.96875
0.72266
1.12500
1.25781
0.77344
1.16016
1.13281
0.95312
1.30469
1.16797
1.30469
0.81641
1.23828
1.04297
0.69531
0.69531
1.02734
0.85156
0.81250
0.87500
0.60547
1.02734
1.12109
1.01562
1.35156
1.12500
0.99609
1.23828
0.73438
1.00391
1.00781
0.58203
1.23438
1.06250
0.73828
1.26172
0.98047
1.04688
1.30078
0.80469
1.08203
1.08984
0.52734
1.07031
0.91797
0.75391
1.35156
0.98047
1.09766
1.28906
0.78516
1.17969
1.13672
0.65625
1.32422
1.05469
0.81641
1.30859
0.75391
0.82422
0.96094
0.39062
1.00781
0.98438
0.63281
1.16797
0.92578
1.05859
1.47656
1.01562
1.35156
1.43750
0.64453
1.25000
1.23438
0.69922
1.23047
0.87109
0.79688
1.19922
0.64062
0.89062
1.03906
0.46094
1.05469
1.02734
0.73438
1.22656
0.72656
0.92969
1.14844
0.70312
1.19922
1.21484
1.11328
1.53906
1.19922
1.28906
1.39844
0.95703
1.21484
1.10938
0.46484
0.68750
0.50000
0.25391
0.79297
0.79297
0.68359
0.97266
1.33984
0.86328
1.29688
1.04688
1.52344
1.30469
1.10156
1.36328
0.72266
0.89453
1.17578
0.57812
1.12891
1.12109
1.12109
0.50000
0.85547
0.57422
0.66406
1.15625
0.94531
1.32422
1.42188
0.95312
1.20312
1.22656
1.04297
1.21484
0.80859
0.89062
0.82812
0.26562
0.83203
0.97656
0.79688
1.42578
1.02344
1.08594
1.42188
1.10156
1.42578
1.41406
0.92578
1.05469
0.75781
0.44141
0.72656
0.63672
0.82422
1.05859
0.70703
1.02734
1.12109
0.78125
1.33203
1.57031
1.01562
1.29688
0.96094
0.82422
0.82422
1.46094
0.97266
1.01953
1.23047
0.44531
0.76562
0.81641
1.06641
1.07422
1.33984
1.23828
0.93359
1.12500
0.96484
0.84766
1.26953
0.93359
0.89453
0.79688
0.40234
0.94531
1.21875
0.87109
1.15625
1.11719
0.91797
1.30859
1.08203
1.10547
1.28516
0.91406
1.22656
1.16797
0.71094
1.11719
0.85156
0.85547
1.12109
0.63281
0.92578
0.88281
0.52734
1.04688
0.91406
0.93750
1.30078
0.94922
1.23828
1.27344
0.71094
1.16406
1.07812
1.44531
0.94531
0.91797
1.24609
0.69141
1.19531
1.31250
0.66016
1.01953
0.68750
0.56250
0.94922
0.87109
0.91406
1.21484
0.77734
1.12109
1.12109
0.83203
1.41797
1.03906
1.01953
1.45703
1.45703
0.87109
1.06641
1.21875
1.10938
1.10938
0.56641
1.01562
0.80078
0.70312
1.08594
0.55859
0.94922
1.16406
0.92578
1.39844
1.25391
1.06250
1.27734
1.03125
1.11719
1.15625
0.69531
0.87891
0.97266
0.62109
0.95703
0.93750
1.33594
0.91406
1.12109
1.12109
1.05859
0.63672
1.01562
0.75391
0.75391
1.17188
0.77344
0.95312
1.44531
1.03516
1.20312
1.31641
1.41406
0.93359
0.62109
1.26172
0.72266
0.85547
1.05469
0.51953
0.94531
0.82422
1.42578
1.15625
0.99609
1.36719
0.79297
1.14453
1.11719
0.71484
1.26172
1.03906
1.03516
0.68359
0.83203
1.07812
0.70703
1.09766
1.11719
0.59766
1.29297
1.18750
1.10938
1.67969
0.94141
1.11328
0.87891
0.53906
1.12500
0.74609
0.71875
1.05078
0.71875
1.04297
0.94531
1.43359
1.25781
1.30859
0.69531
0.67188
1.42188
0.95312
1.12891
1.30078
0.50391
1.04297
0.89062
0.56641
1.04688
1.04688
0.75781
0.83594
1.32812
0.84375
1.17578
1.41797
1.41797
1.41797
1.19141
0.59375
1.06641
0.76562
0.87109
1.42969
0.84375
0.79688
0.53906
0.94922
0.78125
0.87500
1.16016
1.07422
1.07422
1.27734
1.37891
1.08984
1.25391
1.26953
1.07812
1.26953
0.71875
0.66797
1.04297
0.60156
0.78125
1.00391
0.48828
1.05859
0.99219
0.80469
1.35547
1.07422
1.11719
1.35156
0.88672
1.14062
1.05469
0.72656
1.19141
0.94531
0.86719
1.32812
0.75781
0.96094
1.26562
0.70312
1.15625
1.14062
0.68359
1.21484
0.85156
0.78516
1.19531
0.62891
0.98828
1.16406
0.73828
1.20703
1.13672
0.83594
1.17969
1.14844
1.03125
1.24609
1.05859
0.74609
1.11719
1.05078
0.81641
1.19922
0.69141
0.89844
0.97266
0.66797
1.11328
1.07422
0.96484
1.01172
0.95703
0.92188
1.11328
1.18750
1.31250
1.18750
1.10938
0.97266
1.03906
0.77344
1.12891
0.66797
1.17969
0.67578
1.05859
0.69141
0.96094
1.25000
0.81250
1.36719
0.67188
1.11328
1.18750
0.60156
1.71484
0.87109
0.98047
1.42578
0.43359
1.18359
0.60547
0.60547
1.23828
0.93750
0.93750
0.98047
0.89453
1.27734
0.98438
1.04688
1.28906
1.05469
0.78516
1.09375
0.99219
0.80859
0.89062
0.89062
0.89062
0.89453
0.98828
0.91406
1.12891
1.07812
1.26953
0.98828
0.98438
1.18750
1.02734
1.10547
1.03125
0.82031
0.94531
0.83984
0.84766
1.05078
0.84766
0.96875
0.96875
1.11328
1.10547
1.05469
1.04297
0.98047
0.98047
0.98828
0.92188
0.89844
0.91016
1.00000
1.10938
1.10938
1.08203
1.07812
1.02734
1.03906
1.01562
0.95312
0.91797
0.92188
0.95703
0.94531
0.94922
0.96484
0.98047
0.94141
0.95312
0.98047
0.98828
1.03125
1.08203
1.10156
1.08594
1.08594
1.09766
1.06641
1.01562
0.95703
0.88672
0.83984
0.86719
0.89453
0.92969
0.97656
1.02734
1.05078
1.08203
1.08984
1.08203
1.05469
1.02344
0.99609
0.98047
0.96484
0.95703
0.95703
0.98047
0.99609
0.98828
1.00000
1.00391
1.01562
1.03125
1.05078
1.03125
1.00781
0.98438
0.97266
0.96875
0.96094
0.97266
0.97266
0.97656
0.98828
1.01172
1.03516
1.04297
1.05078
1.04297
1.01953
1.01172
1.00000
1.00391
1.00391
0.98438
0.96875
0.94141
0.96484
0.98438
0.98438
0.98828
1.00391
1.01172
1.00781
1.01562
1.01562
1.01172
1.00781
0.99609
0.99219
0.98438
0.99219
0.98438
0.98438
1.00781
1.02344
1.02734
1.02734
1.02344
1.02344
1.02344
1.01562
1.01172
0.98047
0.96875
0.96484
0.96875
0.97656
0.98047
0.99219
0.99609
1.00391
1.01562
1.02344
1.02734
1.02734
1.01562
1.00781
0.99219
0.98047
0.99219
1.00000
1.00781
0.99219
0.99219
0.99219
0.98828
1.00391
1.01953
1.01953
1.01172
1.01172
1.01172
0.99609
0.99609
0.99609
0.97656
0.97266
0.96094
0.97656
0.98438
1.00391
1.01953
1.01562
1.01172
1.01562
1.01172
1.01172
1.01562
1.01562
1.00000
0.98438
0.98047
0.98047
0.98047
0.98828
0.98828
0.99219
1.00781
1.02344
1.02734
1.02344
1.01562
1.01172
1.00391
1.00781
1.00391
0.97656
0.98047
0.98438
0.98438
0.98828
0.99219
0.99609
1.00781
1.00781
1.01172
1.00781
1.00000
0.99219
0.98438
0.98828
0.98828
1.00000
1.01172
0.99609
0.99219
0.99609
1.01172
1.01562
1.02344
1.01562
1.01172
1.00000
0.99609
1.00391
1.00781
1.00000
0.99219
0.98438
0.96875
0.97656
0.98438
0.99219
0.99219
0.98828
1.00000
1.00391
1.00391
1.00781
1.01172
1.01172
1.00391
0.99609
0.99219
0.99609
0.99609
0.99609
0.99219
0.98438
0.98828
1.00391
1.00781
1.00781
1.01172
1.01172
1.01562
1.00391
1.00000
0.98828
0.98828
0.99219
0.98828
0.99219
0.98828
0.99219
0.99219
0.99609
1.01172
1.02734
