1.01953
1.00781
0.98828
0.96484
0.98438
1.01172
1.02734
1.01562
0.99219
0.98438
0.97266
0.99219
1.01562
1.01562
1.01172
0.98438
0.97656
0.98438
1.01172
1.02344
1.02344
0.99219
0.97656
0.97266
1.00000
1.01562
1.02344
1.00781
0.98438
0.97656
0.98438
1.01953
1.01172
0.99609
0.98438
0.97656
1.00000
1.02344
1.02344
1.01172
0.98828
0.98047
0.98438
1.00000
1.02344
1.02734
0.99219
0.97656
0.97656
0.99219
1.02344
1.02734
1.01172
0.98828
0.97266
0.98047
1.00000
1.02734
1.01562
0.98828
0.97656
0.97266
1.00000
1.01562
1.01953
1.01172
0.98438
0.97266
0.97656
1.01953
1.02344
1.00000
0.97266
0.97266
0.99609
1.01953
1.02344
1.01172
0.98828
0.97656
0.98047
1.00781
1.01953
1.01172
0.99219
0.97266
0.97656
0.99219
1.01953
1.02344
1.01562
0.99609
0.98047
0.98047
0.98438
1.00391
1.01953
1.02344
0.96875
0.98828
0.99609
0.99609
1.00391
1.01953
0.99219
0.97656
0.97266
1.00000
1.02344
1.01953
1.00000
0.98438
0.97656
0.99609
1.02734
1.01953
1.01562
1.00000
0.97656
0.97266
0.98828
1.01953
1.02344
1.00000
0.97266
0.97266
0.98828
1.00781
1.02344
1.01562
0.98828
0.98047
0.97266
0.99609
1.02344
1.02734
1.00781
0.98047
0.97656
0.98828
1.02344
1.02344
1.01953
1.00000
0.98438
0.97656
1.00391
1.02344
1.02344
1.00000
0.97656
0.97266
0.99219
1.01172
1.02344
1.02344
0.99219
0.97266
0.98047
1.00000
1.01562
1.02734
1.00391
0.98828
0.97266
0.99219
1.01562
1.02344
1.01562
0.99219
0.98047
0.96875
1.00000
1.01562
1.02344
1.01172
0.98438
0.98828
1.01172
1.02734
1.01562
1.00000
0.98828
0.97656
1.00000
1.01953
1.03125
1.00781
0.98438
0.96875
0.98047
1.01562
1.01562
1.01953
1.01953
0.98047
0.98047
1.00000
1.01562
1.03125
1.01172
0.97656
0.97656
0.98438
1.00781
1.02734
1.01953
1.00391
0.98047
0.98047
0.99609
1.01172
1.02344
1.00000
0.98438
0.97656
0.98438
1.01172
1.01562
1.00781
1.00000
0.98438
0.97266
0.99609
1.00781
1.01953
1.01172
0.98047
0.98047
0.98828
1.01172
1.02344
1.01953
1.00391
0.98438
0.98047
0.98828
1.01172
1.03125
1.00781
0.98828
0.98438
0.98438
1.00781
1.02344
1.01953
1.00781
0.98828
0.97656
0.98828
1.01562
1.02734
1.01172
0.97656
0.97266
0.98828
1.01172
1.01953
1.01953
1.00000
0.98047
0.97266
0.98828
1.02344
1.02734
1.01172
0.98047
0.97656
0.98828
1.01562
1.01953
1.01562
1.00000
0.98438
0.98047
0.98828
1.02344
1.01562
0.98438
0.96875
0.96875
0.98828
1.00781
1.02344
1.02344
1.00781
0.98047
0.99219
1.00781
1.02344
1.01172
0.98438
0.96875
0.98047
1.00391
1.02344
1.01172
1.00781
0.99609
0.99609
0.98828
1.01172
1.01953
1.01953
0.98828
0.97266
0.98047
1.02734
1.01172
0.98438
0.97656
0.98828
1.01172
1.02734
1.01172
0.98828
0.98047
0.97656
1.00391
1.03125
1.02734
1.01172
0.98828
0.96875
0.98047
1.00391
1.01953
1.02734
0.98828
0.96875
0.97656
1.00391
1.01953
1.02734
1.00781
0.98438
0.98047
0.98438
1.01562
1.02344
1.01953
1.00000
0.97656
0.96875
1.00000
1.02344
1.01562
1.01562
0.98828
0.97656
0.99219
1.02344
1.02344
1.02344
0.99219
0.98047
0.98438
0.99609
1.01953
1.00781
1.00781
0.97656
0.98438
1.00391
1.02344
1.01953
1.00000
0.98438
0.97656
0.99609
1.01562
1.01953
1.01562
0.99219
0.97656
0.98047
1.00781
1.02734
1.01953
1.00000
0.97266
0.97656
0.99609
1.01562
1.02344
1.02734
1.00781
0.99609
1.02734
0.91406
1.03516
0.87109
1.01562
0.98047
0.96875
1.19141
0.94141
1.10156
0.92578
0.95312
1.14062
0.86719
1.00391
0.97656
0.99609
1.07031
0.84766
1.07422
0.94141
1.12109
1.03125
0.97266
0.82422
1.04688
1.12109
0.76562
1.16016
1.16016
0.79297
1.04688
1.17578
0.75781
0.75781
1.09375
1.21094
0.54688
1.37109
1.10547
0.17969
1.85938
0.26562
2.19531
0.03906
1.00391
2.00000
-0.35156
2.21484
0.59766
0.62109
2.06641
-0.07422
1.84375
0.57031
0.97656
1.15234
0.81250
1.02734
0.87891
0.76562
1.18750
0.60156
0.60156
1.30859
0.68750
1.38672
0.85547
1.33594
0.92578
1.02734
1.14844
0.85938
1.15625
0.94922
1.25781
0.77734
0.89844
0.99609
0.80078
0.80078
1.10156
0.92578
1.10156
0.81641
1.14844
0.91797
1.29688
1.14844
0.98047
1.20703
1.10547
0.89844
1.00391
1.01562
1.01562
0.69141
0.96094
0.81641
0.55078
1.05469
1.12109
0.96094
1.24219
1.25000
0.80469
1.26172
1.27344
0.77734
1.37500
0.83203
1.25000
1.25000
0.71875
1.02734
1.07812
0.60156
0.89844
0.82422
0.92969
1.08984
1.08984
1.08594
1.07422
1.02344
1.08203
1.18750
0.94141
1.13281
0.60547
0.81641
0.88281
0.99609
1.31250
1.10156
1.21875
0.87891
1.11719
1.08594
1.08594
0.60547
0.72266
0.88672
0.96875
1.14062
0.83203
1.05859
0.96875
0.95703
1.17188
0.95312
1.25781
1.13281
1.08594
0.88672
0.88672
1.01562
1.08203
1.10156
0.67578
0.54297
0.71484
0.78125
0.93750
1.15234
1.24609
1.21094
1.02734
1.09375
1.06250
1.05469
1.07422
1.07422
1.13281
1.10938
0.79688
0.91797
0.96094
1.25781
1.33203
1.01562
1.01562
0.99609
0.77734
0.89062
0.86719
0.82031
0.92188
0.82031
0.76953
0.89844
0.94141
1.10547
1.25000
0.98438
1.34375
1.21484
1.08594
1.37500
1.17969
1.35156
1.08203
0.92188
0.89844
0.64844
0.75781
0.70312
0.52344
0.62891
0.72266
0.82422
0.92969
1.36328
1.38281
1.28906
1.58203
1.12109
1.20312
0.89844
0.80469
1.03516
0.72656
0.90234
0.80469
0.98438
1.12500
1.08594
1.16797
0.95312
1.09766
0.91016
0.95703
1.10156
0.84766
1.13672
0.91016
0.80469
0.83594
0.71094
0.94141
0.87891
0.96094
1.03125
1.03516
1.24609
1.16016
1.32422
1.21094
1.14453
1.14062
0.92578
0.94922
0.83203
0.99609
1.11719
1.04688
0.78906
0.95703
1.16016
1.16016
0.78906
0.62891
0.83594
0.83984
0.82812
0.82812
0.95703
0.83203
1.14453
1.07031
1.23828
1.38281
1.26172
1.23438
1.10156
1.00000
0.83594
1.23828
0.82812
0.63281
0.64453
0.76172
0.89453
1.03516
0.85938
0.92578
1.18359
1.22266
1.32422
1.19141
1.27344
0.95703
0.75000
0.80078
0.64062
0.87891
0.82422
1.01562
0.99219
1.34766
1.32031
1.38281
1.22656
0.94531
1.04688
0.92969
0.83984
0.71484
0.70703
0.77344
0.67578
0.77734
0.81250
0.91406
0.99219
1.27734
1.20703
1.45703
1.33594
1.33594
1.25000
0.87891
1.01562
0.75781
0.80078
0.79297
0.66016
0.66016
0.84375
0.70703
0.93750
0.83594
0.94922
1.08594
0.91797
1.11719
1.15625
1.16016
1.17188
1.11719
1.19531
1.12891
1.00391
1.06250
1.06641
0.85938
0.94922
0.79688
0.81641
0.87891
0.85547
0.93750
0.74219
0.83594
0.74609
1.04297
1.19141
1.03516
1.34766
1.06641
1.22266
1.13281
0.93750
1.40234
1.09375
1.22656
0.97656
0.48828
0.87891
0.90625
0.97266
0.88672
1.05078
0.98438
0.98438
1.10938
1.11719
1.19141
1.06641
0.91016
1.05078
0.64844
0.89453
0.84766
1.00000
1.23828
0.88672
1.04297
0.95703
1.02734
1.18750
1.14844
1.14844
1.40625
1.10156
1.11719
1.19531
0.88281
0.52734
0.59766
0.63281
0.55078
0.73828
0.88281
1.07031
1.01562
1.42578
1.44922
1.07422
1.45312
1.22656
1.21094
1.42188
0.85156
1.04688
0.86328
0.58984
0.71875
0.49219
0.58203
0.98438
1.00000
0.88672
1.14844
1.07812
1.01562
1.30078
1.18359
1.17188
1.17969
1.08594
1.32422
0.91797
0.89844
0.83203
0.82812
0.93359
0.66016
0.87891
0.83594
0.78906
1.30078
1.15234
1.23438
1.17969
1.15234
1.11719
0.98828
0.98828
0.97266
1.06250
0.98828
1.09375
0.78516
0.54297
0.69922
0.62500
0.90625
0.95703
0.80859
1.21094
1.15625
1.33203
1.44141
1.35156
1.38672
1.19141
0.97266
0.82812
0.94531
0.84766
0.86719
0.86719
0.58984
0.86719
0.73438
0.76172
0.98047
0.77734
1.16016
1.07031
1.08594
1.34766
1.17969
1.33984
1.15625
0.92578
0.92578
0.89453
1.07031
0.85156
0.82812
0.86719
0.72266
0.95312
0.94141
0.94531
1.05078
0.91406
1.01562
1.19922
0.97266
1.20312
1.25000
1.10156
1.25000
0.96875
0.83984
0.68750
0.70703
0.58984
0.79688
0.91406
1.06641
1.21094
1.20703
1.17969
1.28516
0.94531
1.13672
0.85156
0.99219
1.28516
1.05078
1.20703
0.98047
0.81250
0.73828
0.74609
0.86328
0.86328
0.86719
0.85938
0.89453
0.96094
1.31250
1.16797
1.23047
1.13281
1.13281
1.20312
0.89453
1.14062
1.08594
0.88281
0.92188
0.68359
0.80859
0.86719
0.92188
0.99609
0.88672
1.05469
1.05469
0.98828
1.08203
1.08594
1.14453
1.32812
1.05078
1.22656
1.06250
0.98047
1.04688
0.94141
0.94531
0.56250
0.76562
0.85547
0.74609
1.01172
0.92578
1.24219
1.01562
1.08594
1.26172
1.22266
1.45703
1.13281
1.01172
0.82812
0.57031
0.85938
0.82812
0.85156
0.70703
0.56641
0.80469
0.93359
1.18359
1.41016
1.43359
1.22266
1.22266
1.28516
1.25781
0.98828
1.21875
1.12891
0.82422
0.57031
0.69922
0.80859
0.80859
0.97656
1.17188
0.91406
0.92969
0.96875
1.04297
0.94922
1.32812
0.99609
1.15234
1.05469
0.92969
1.21094
0.82422
1.07031
1.18750
1.01172
1.10156
0.98438
1.33203
1.10156
0.94922
0.92578
0.65234
0.75781
0.57422
0.71875
0.62109
0.78906
1.27344
1.15625
1.52734
1.31641
1.17188
1.33203
1.18359
1.28906
1.16406
0.96094
0.46875
0.54688
0.70312
0.91016
0.74609
0.87500
0.87109
0.93750
1.35156
1.37500
1.55078
1.49609
1.06250
1.04297
0.78516
1.01172
1.03125
0.98047
0.85156
0.35547
0.53516
0.63281
0.83203
1.18359
1.24219
1.35156
1.28906
1.29297
1.19141
1.15234
1.31250
0.92969
0.97266
0.61719
0.45703
0.71875
0.92578
0.94141
1.05078
1.12891
0.91797
0.94922
1.16797
1.13281
1.33203
1.26562
1.25000
1.00781
0.89844
0.99609
0.63281
0.88281
0.67969
0.57422
1.25781
1.13672
1.05859
1.15234
0.91016
1.07031
1.13281
1.16406
0.95312
1.10938
1.01953
0.89453
1.04297
0.87109
1.10547
0.80078
0.83594
0.70312
0.70312
1.05078
1.00391
1.20312
0.85938
0.85938
1.07422
0.98047
0.77734
0.87109
0.82031
1.15625
1.39453
1.51953
1.51953
1.20312
0.77344
0.91797
0.64453
0.75000
0.74609
0.53516
0.82031
0.82031
0.88672
1.10938
1.14453
1.07812
1.12891
1.01172
1.06641
1.14062
1.25781
1.12109
0.94922
0.79688
0.93359
1.03125
1.02344
1.10156
0.80859
0.86719
0.78516
0.91016
1.03516
1.07031
1.15625
1.00391
0.87500
0.83984
0.96484
1.01562
0.99219
1.06641
0.88672
0.89844
1.07422
0.96484
1.31641
1.33594
1.25000
1.23047
1.03516
0.94141
0.91797
0.93750
0.74609
0.64062
0.70703
0.78906
1.04297
1.00781
1.00781
1.16406
1.06250
0.87109
1.05469
0.96484
1.22656
1.06250
0.81641
1.04297
0.87891
1.04297
1.15234
1.12109
1.17188
1.01562
1.16406
0.89453
0.87891
1.08594
1.02344
1.16797
0.75781
0.82031
0.87109
0.83984
1.07422
0.86719
0.77734
0.80859
0.91797
1.17188
1.25781
1.25781
1.11719
1.21094
1.09766
0.93359
1.29688
0.93359
1.00781
1.15234
0.60938
1.05469
1.06641
1.21094
0.98438
0.63672
0.81250
0.68750
0.64062
1.12891
1.00391
1.07031
1.22266
0.98047
1.05469
1.02734
1.06641
1.28516
1.17969
1.17578
1.01172
1.05078
1.13672
1.03125
1.01953
0.82031
0.72266
0.47656
0.59766
0.81641
0.81641
1.18359
1.24609
1.21484
1.29297
1.13281
1.21094
1.09766
0.96094
1.02734
0.81250
0.90625
0.85547
0.91797
0.91797
0.80469
1.02734
1.15625
1.21875
1.25781
1.55859
1.19922
1.06641
0.98438
0.70703
0.70703
0.76172
0.65234
0.77344
0.75391
0.65625
0.88281
0.87891
0.94531
1.19141
1.28516
1.21875
1.30469
1.12891
0.99609
1.12891
1.10547
1.12109
1.16016
0.80859
0.84375
0.97656
1.05469
1.08594
1.17188
0.92188
0.92188
0.83594
0.71484
0.50781
0.72266
0.82031
1.02734
1.26172
1.10547
1.21875
1.05469
1.15234
1.11328
1.20703
1.14844
0.82422
0.89844
0.83984
0.85938
1.20312
0.92578
1.18750
1.07422
0.81250
1.08594
0.93750
1.05078
1.16797
1.03516
1.07031
0.85156
0.87891
0.91016
0.83984
0.76172
0.61328
0.82422
0.78516
1.12500
1.52344
1.34375
1.38672
1.26172
1.10938
1.21484
0.92578
0.72656
0.76172
0.60547
1.01953
1.01953
0.82812
1.08594
1.08594
1.14062
0.98438
0.98828
1.27734
1.05078
1.25000
1.14062
0.89453
0.89453
0.83203
0.95312
0.78125
0.75000
0.75391
0.74609
1.03906
1.06641
1.26172
1.37891
1.16016
1.34375
0.99609
0.99219
1.05078
0.80859
0.94141
0.83984
0.92578
1.06250
1.08594
0.98438
1.00781
0.85938
0.95703
0.95312
0.85938
1.18750
0.95703
0.95703
1.08594
1.15234
1.12500
1.18750
1.08594
0.94531
0.71484
0.93750
0.98047
0.96875
1.05469
0.98828
0.98828
1.01172
0.94531
1.00391
0.90625
1.03125
0.84766
1.13281
1.25391
1.06250
1.15625
0.94922
0.89062
1.00391
0.72266
0.81250
0.78516
0.60938
0.70312
1.04297
1.07031
1.16406
1.31641
1.15234
1.35547
1.40625
1.28125
1.45312
1.06250
0.78516
0.90625
0.66406
0.56250
0.73047
0.88281
0.68359
0.86719
0.73828
0.78516
1.01172
1.01172
1.17188
1.46094
1.42578
1.35547
1.16797
0.94141
1.17188
0.88281
0.80469
0.73047
0.87500
0.86719
0.98047
0.86328
0.88672
1.08984
0.97656
1.12109
1.30859
1.10547
1.21875
1.27344
0.99219
0.89453
0.98438
0.98438
0.99609
0.73438
0.48828
0.68750
0.68750
0.83203
1.16797
1.12109
1.06641
1.06641
0.96484
1.22266
1.14844
1.25781
1.17578
0.95312
1.14453
0.88281
0.90625
1.00000
0.91797
1.10547
0.86719
0.70312
0.69922
0.78516
0.82812
1.00391
1.23047
1.01953
1.06250
1.12500
1.10938
1.42188
1.25391
1.05078
1.01562
0.94531
1.05078
0.92969
0.89844
0.87500
0.71484
0.77734
0.72266
0.91797
0.96484
1.08594
1.18750
1.18750
1.17969
1.37891
1.08594
1.19141
1.07031
0.77734
0.67969
0.74609
0.74609
0.87109
1.03516
1.01562
0.95312
0.95312
1.14844
1.17578
1.00000
1.01562
0.96484
1.01562
1.01562
1.23047
1.01562
0.99609
1.16016
0.70703
1.01953
0.96094
0.47266
0.69531
0.94141
0.83984
0.83984
1.14453
1.13672
1.14062
1.24219
1.28125
1.23047
1.27734
1.03125
0.91797
0.91016
0.67969
0.75781
0.83594
1.07031
1.13281
1.06641
1.23438
0.99219
0.96875
1.08984
0.82031
0.82031
0.85156
0.84766
0.80078
0.72656
0.79297
1.01172
1.21094
1.47266
1.29688
1.29688
0.96875
1.06250
0.92188
1.11328
1.08203
0.93750
1.12109
0.78125
0.92578
1.09375
1.26172
1.06641
0.86328
0.92578
0.61719
0.79688
0.96875
0.85938
1.05859
0.89062
0.68750
1.02734
1.06641
1.16016
1.37500
1.26562
1.15625
0.91406
1.03906
1.07422
1.06250
1.18359
0.98047
1.09375
0.78906
1.00391
1.12109
0.60938
1.02344
0.84766
0.71875
0.82031
0.84766
0.71875
0.93750
1.03516
1.13281
1.00000
1.16406
1.17578
1.44141
1.22266
1.22266
1.32031
1.00781
1.10547
1.12500
0.86328
1.27734
0.58203
1.18750
0.66797
0.75391
0.81641
0.38281
0.38281
1.33203
0.99219
1.17188
0.46875
1.50781
0.96484
1.03125
1.03125
1.60156
0.74609
1.31250
1.16797
0.89453
1.00391
0.81250
0.96875
0.86719
1.13281
1.21875
0.94531
1.09375
1.18359
0.80078
0.78906
0.86719
0.91406
0.80469
0.69922
1.05469
0.87500
0.84766
1.32422
1.08203
1.07422
1.24609
0.98047
1.21875
1.05469
0.93359
1.31641
0.92969
0.97656
1.19141
0.79688
1.01953
0.99219
0.87891
0.92188
0.70703
0.88281
0.90234
0.86719
0.97656
1.05078
1.01562
1.08594
1.21094
1.09375
1.07812
1.09375
1.00391
0.98438
0.98047
1.00000
1.02344
1.00391
1.06641
1.03125
0.96094
0.98047
0.98438
0.94922
0.93359
0.92188
0.91797
0.93750
0.97266
0.98828
1.00391
0.98828
0.98438
0.98828
0.97266
0.99219
1.02734
1.04297
1.04297
1.06641
1.07031
1.08984
1.09766
1.09375
1.05469
1.00391
0.97266
0.92188
0.89844
0.89062
0.88672
0.89844
0.90625
0.91797
0.94141
1.01172
1.04297
1.06641
1.07812
1.06641
1.06250
1.06641
1.07422
1.06641
1.03516
1.01562
1.00391
0.99219
0.98828
1.00781
1.00781
1.00000
0.98438
0.96094
0.94531
0.93750
0.93750
0.95312
0.94141
0.92188
0.96484
0.98828
1.01953
1.05469
1.09375
1.08984
1.07812
1.05078
1.03125
1.01172
0.99609
0.99609
0.98047
0.95312
0.93750
0.95703
0.96484
0.98438
0.98828
0.97266
0.97266
0.98828
1.01172
1.02344
1.01953
0.99219
0.97656
0.97266
1.00000
1.01562
1.02734
1.03516
1.03125
1.03906
1.04297
1.06250
1.05859
1.03906
0.99219
0.96484
0.94531
0.93750
0.93750
0.95312
0.96484
0.96875
0.97656
0.97656
0.98828
1.01172
1.03516
1.04297
1.02734
1.02344
1.02734
1.02734
1.04297
1.03906
1.01953
0.99219
0.97656
0.98438
0.99609
1.00781
1.00781
0.98438
0.96875
0.96484
0.96875
0.97656
