0.97656
1.01562
1.03516
1.02734
0.99609
0.97266
0.97266
0.98828
1.03516
1.01172
0.98047
0.97266
0.97656
1.01953
1.03516
1.03125
0.99609
0.97266
0.97266
0.98047
1.01953
1.02344
1.01562
0.98047
0.96484
0.98438
1.00391
1.02344
1.03125
1.00391
0.98047
0.98047
0.98438
1.02344
1.02734
1.00781
0.98438
0.97656
0.97656
1.00391
1.02734
1.01953
1.00000
0.98047
0.96484
0.98438
1.01953
1.02734
1.01953
0.98438
0.98438
0.96094
0.97656
1.00391
1.02734
1.00781
0.98438
0.97656
0.98438
1.01172
1.01172
1.02734
1.01562
0.98438
0.97266
0.97656
1.01172
1.02734
1.01562
1.00781
0.98438
0.97656
0.98438
1.01172
1.02734
1.01562
0.98828
0.96875
0.98438
1.00000
1.02734
1.02344
1.02344
1.00781
0.98047
0.97266
0.98438
1.01172
1.01953
0.98047
0.98047
0.97266
0.98438
1.01172
1.03516
1.01953
1.00000
0.98047
0.98828
1.01562
1.02734
1.01562
0.98828
0.96484
0.98047
1.00391
1.02344
1.01953
0.99609
0.98047
0.97656
0.98438
1.00781
1.02344
1.01562
0.99219
0.97656
0.97656
1.00391
1.02734
1.01562
1.00391
0.98438
0.98438
0.98047
1.01172
1.01562
0.98828
0.98828
0.95703
0.97656
1.00781
1.02344
1.02734
1.00000
0.97656
0.97656
0.98438
1.01562
1.02734
1.02344
0.98828
0.97656
0.97656
1.00781
1.02734
1.00781
0.98438
0.97266
0.98438
1.01953
1.03125
1.01562
0.98828
0.96094
0.96484
1.01172
1.02734
1.03125
1.00781
0.98438
0.98047
0.98828
1.01172
1.02734
1.02734
0.99219
0.97266
0.97656
0.99609
1.02734
1.02344
1.00391
0.97266
0.96484
0.98828
1.01172
1.02734
1.02734
0.99219
0.97266
1.00000
1.02344
1.03125
1.01172
0.98828
0.97656
0.97656
1.01172
1.03125
1.02734
1.00391
0.97656
0.97266
0.98828
1.02344
1.03125
1.00391
0.98047
0.96875
0.98047
1.00781
1.03125
1.02734
1.00781
0.96094
0.96875
0.99219
1.01953
1.03906
1.01953
0.99219
0.97656
0.97656
1.00391
1.02344
1.01562
1.00000
0.97266
0.97656
0.99219
1.02344
1.02734
1.01562
0.98828
0.97266
0.98047
1.00000
1.02344
1.01953
1.00000
0.96875
0.97266
0.98828
1.01562
1.02734
1.00781
1.00391
0.97266
0.97656
0.99609
1.02344
1.01953
0.99219
0.97266
0.97656
1.01562
1.02734
1.01562
1.00781
0.98047
0.98438
1.00000
1.02734
1.01953
1.00391
0.98047
0.96875
0.99609
1.01953
1.02734
1.01953
0.98828
0.97656
0.98047
0.99609
1.02344
1.01953
1.01953
0.99219
0.97656
0.97266
1.02344
1.03516
1.01172
0.99219
0.99219
0.98828
1.00000
1.02734
1.02344
1.00391
0.96875
0.96094
0.99219
1.01172
1.02344
1.01562
0.99219
0.97656
0.97656
0.99609
1.01953
1.01953
1.02344
1.00391
0.97656
0.97266
0.98828
1.01562
1.02734
1.00781
0.99219
0.98047
1.00391
1.02344
1.02344
1.00781
0.97266
0.97266
0.96094
0.98828
1.00781
1.02734
1.01172
0.99609
0.97266
0.98438
0.99219
1.01562
1.03125
1.01172
0.98047
0.97266
0.98438
0.98438
1.01172
1.03906
1.01953
0.98828
0.98047
0.99219
1.02734
1.03516
1.01172
0.96875
0.96094
0.98828
1.02344
1.03125
1.01953
0.99219
0.97656
0.97656
0.99609
1.02344
1.03125
1.00781
0.98438
0.97266
0.97656
1.01953
1.03516
1.02344
0.99219
0.97656
0.97656
0.98047
0.99219
1.01953
1.03125
0.98438
0.96094
0.98438
0.98438
1.01562
1.03125
1.00391
0.97266
0.97266
0.97656
0.98828
1.01953
1.02734
1.01562
0.98828
0.97656
0.97266
1.00781
1.03516
1.01953
0.99609
0.97266
0.97266
0.98828
1.01953
1.02734
1.02344
0.98438
0.96094
0.98047
1.00391
1.03516
1.02734
0.99609
0.98047
0.97656
0.98438
1.01953
1.02734
1.01172
0.97266
0.97266
1.00000
1.03906
1.01953
1.00000
0.98047
0.98438
1.02344
1.02344
1.01562
0.98828
0.96484
0.98047
1.01172
1.02734
1.02344
1.01172
0.98047
0.97266
0.98828
1.01953
1.01562
1.01172
0.98438
0.97656
0.98438
1.00781
1.00781
1.03516
1.01953
1.00000
0.98047
0.98438
0.98438
1.01172
1.02734
1.01562
0.99609
0.96875
0.97266
1.00781
1.01953
1.00391
0.98047
0.98047
0.98438
1.01953
1.02734
1.01562
0.98438
0.97266
0.97656
1.00781
1.03125
1.01953
1.00781
0.98438
0.97656
0.98438
1.01953
1.02344
1.00781
0.98438
0.96094
0.98047
1.01172
1.02734
1.02344
1.00391
0.98438
0.97266
0.97656
1.01562
1.02734
1.02344
0.98438
0.97266
0.98047
1.00781
1.03125
1.01172
1.00391
1.01172
0.97656
1.04297
1.04297
0.85547
1.08984
1.05078
1.11328
1.11328
1.22656
0.86719
0.97656
1.16797
0.81250
1.07812
1.07812
0.95703
0.91797
0.80078
1.00000
1.04297
0.91016
1.16797
0.97656
0.99219
1.11719
0.80078
1.16797
0.95703
0.80859
1.23828
1.00000
0.81641
0.81641
1.02734
1.13672
0.73828
1.14062
1.16797
0.47266
1.43359
0.91406
0.32031
1.88281
0.58594
0.58594
2.11719
0.01953
1.29688
-0.28516
2.27734
2.27734
0.40234
0.69922
1.93359
-0.15234
1.94922
0.44531
1.04297
1.17578
0.77734
1.10547
0.82031
0.96484
1.17578
0.73828
1.42578
0.54688
1.27344
0.72656
1.12109
0.85547
1.20703
1.01953
1.10547
1.21094
0.86719
0.86719
1.26953
0.88672
1.06250
0.89453
0.86719
0.98828
0.69531
1.23047
0.67188
0.95703
1.13281
0.86719
1.35938
1.19141
1.07422
1.14844
1.10156
0.80078
0.69922
1.00781
0.59375
0.85156
1.04688
0.81250
1.12891
1.25000
1.18359
1.31250
1.33984
0.94922
1.03125
1.03125
1.07422
0.82422
1.17969
0.92969
0.59766
0.92188
0.72656
1.12500
0.89062
0.96094
1.01953
1.00391
1.35156
1.35156
1.17969
1.19531
1.02344
0.92188
0.99609
0.98047
0.74219
0.97656
0.91406
0.87500
0.89844
1.11328
0.95703
1.10156
0.92969
0.85156
1.02734
0.94531
1.06250
0.77734
1.05078
0.99609
1.05078
1.14453
0.97656
1.18359
1.16016
1.14062
1.08594
0.96094
0.83594
0.95703
0.89062
0.83203
0.73438
0.88281
0.85156
1.09766
1.13281
1.10156
1.37891
1.08203
1.18750
1.07031
1.05078
0.89062
0.89844
0.88672
0.64453
0.96484
0.92578
0.91016
1.03125
1.08203
1.16016
0.86719
0.97656
1.28125
1.03125
1.13281
1.08984
0.94922
0.78516
1.03906
1.09766
0.82812
0.75781
0.94922
0.98438
0.93750
0.87500
1.08984
1.01953
1.06250
1.21094
0.96484
1.04297
0.96094
0.96094
1.07812
1.07422
0.80859
0.83594
1.06250
0.98438
1.02344
1.08203
0.87500
0.80859
1.02734
0.94922
0.95703
0.92188
1.15625
1.14453
1.07031
1.01562
1.28906
1.14453
0.89062
1.01172
0.91406
0.93359
0.83203
0.99219
0.85156
0.82031
0.98438
0.88672
0.85156
0.95312
1.11719
1.26172
1.19531
1.10156
1.03125
1.04297
1.01562
0.86719
1.11328
0.98828
1.06641
0.94922
0.90625
0.95703
1.05078
0.96484
0.80469
0.94141
1.05859
1.05859
0.99609
1.03125
0.92188
1.02344
0.85547
0.99609
1.14844
0.83984
1.04688
0.95312
1.11719
1.12109
1.15625
1.00391
0.91016
0.87891
1.05078
1.10547
1.12891
1.12891
0.97266
1.00781
0.98828
0.73047
0.86719
0.95703
1.01172
1.02734
0.94531
0.78516
1.11328
1.12109
1.32422
1.29688
0.86719
1.05078
0.94141
0.94141
0.86719
1.21484
0.75000
1.19922
1.18750
0.69922
0.99609
0.87891
0.98828
1.01953
1.01953
0.81250
0.95703
0.99219
1.18359
0.96484
1.10547
0.96484
0.85156
1.10156
0.93359
0.87109
1.16016
0.95312
1.12500
1.01172
0.88281
1.15234
1.11328
1.05078
1.09375
1.09375
1.14453
0.76172
0.84766
0.57031
0.74219
0.82812
0.93359
1.26562
1.30078
1.02344
1.23828
1.19922
1.31641
1.14062
0.92578
0.93359
0.64062
0.88281
0.69141
0.66406
0.83594
0.77344
1.25000
0.95312
1.09766
1.53906
1.20312
1.46094
1.05078
0.88281
0.91016
0.71484
0.79297
0.90234
0.52734
0.65625
0.70312
0.78906
1.26172
1.34375
1.34375
1.45703
1.38281
1.20703
1.17188
1.08594
0.84766
0.58203
0.73828
0.48047
0.55469
0.85156
0.96094
0.97266
0.96484
1.19141
1.27734
1.24219
1.58984
1.67578
1.04688
0.91016
0.75781
0.97656
0.74219
0.84375
0.89062
0.56641
0.74609
0.74609
1.02734
1.20312
1.20312
1.41406
1.44531
1.21875
1.20703
1.16406
1.10156
1.00391
0.78516
0.67969
0.71094
0.88281
0.97656
0.95703
0.96484
0.71094
0.83984
1.19531
1.24219
1.07812
1.22266
1.00000
1.02734
1.01953
1.01953
0.87891
1.12109
0.88281
0.90625
0.83594
1.03125
0.96875
1.11328
1.25391
1.05859
1.08203
0.98828
0.87891
0.96484
0.92188
0.95703
1.08594
0.82422
1.05859
1.01562
1.08594
1.07031
0.98438
0.89453
0.87891
0.76172
0.89453
1.00391
0.84375
1.09766
0.98047
1.14453
1.06250
1.03906
1.29297
1.40234
1.54297
1.30078
1.29688
0.73438
0.42578
0.68750
0.43750
0.55859
0.66406
0.73047
1.06641
1.16016
1.22266
1.14844
1.11328
1.02344
0.91797
1.12891
1.12109
1.42188
1.18359
1.24609
0.94141
0.95703
0.84375
0.98828
0.88672
0.80859
0.70312
0.87891
0.79297
0.89062
0.88281
1.07031
1.08984
0.99609
1.27344
1.30859
1.16016
1.05859
0.99219
0.67969
0.66406
0.84766
1.07812
1.08203
1.19922
1.01562
1.01172
0.83203
1.01172
1.33984
0.98438
1.16797
1.27734
1.01953
1.01172
1.07812
0.97656
0.84375
0.61328
0.60547
0.60547
0.48828
0.67188
0.83203
1.19531
1.13672
1.55469
1.45703
1.59375
1.24219
1.12891
0.97656
0.67188
0.73047
0.55078
0.60156
0.51562
0.52344
0.61328
0.78906
1.02734
1.07031
1.24219
1.33984
1.19922
1.31641
1.12109
1.05469
1.41406
0.92188
0.96875
0.76172
1.00781
1.13672
0.96094
0.97266
0.93750
0.69531
1.09375
1.09766
1.15625
1.16797
0.85156
1.05859
0.84766
0.67578
0.89062
0.78906
0.92578
0.91016
0.91016
1.14844
1.47266
1.39453
1.19922
0.98438
0.95312
0.82031
0.81250
1.11328
0.98047
1.13281
0.90234
1.09375
1.20703
1.00391
1.09766
1.01562
0.58594
0.39062
0.56641
0.51172
0.80859
1.12891
1.16797
1.24219
1.28125
1.30078
1.59766
1.53125
1.33203
1.28516
0.92188
0.65234
0.82031
0.78906
0.54688
0.86328
0.70312
0.60156
0.85547
0.73828
1.27344
1.43359
1.22266
1.31641
1.00391
0.80078
0.99609
1.07031
1.19531
0.97266
0.97266
0.78125
0.74609
0.85156
0.87500
1.19531
1.08203
1.12500
1.12500
1.17969
1.13672
1.13672
1.32812
1.09766
0.98047
0.96484
0.77734
0.72266
0.73828
0.62500
0.79688
0.70312
0.71875
1.14062
1.07031
1.35547
1.42188
1.19531
1.30469
1.21484
1.10156
0.85938
1.03906
0.94141
0.99609
0.94141
0.81250
0.87500
0.77344
0.67578
0.89062
1.00781
1.12500
1.12500
1.09375
0.95703
0.96094
0.96875
1.15625
1.01953
1.12109
1.24219
1.17969
1.21484
1.17969
0.96484
0.91016
0.83203
0.63672
0.75000
0.55078
0.63672
0.82422
1.08984
1.21875
1.33984
1.36719
1.38672
1.38672
1.30859
1.26953
1.28516
0.87500
0.80078
0.46875
0.54688
0.43750
0.48438
0.89453
0.96484
1.28906
1.54688
1.45312
1.37500
1.19531
1.16016
1.00391
1.08203
0.84375
0.94141
0.93359
0.85938
0.72656
0.75781
0.80469
0.78516
0.69141
0.60156
1.04688
1.11328
1.11328
1.47266
1.43750
1.66016
1.45703
1.17188
1.35938
0.97656
0.92969
0.59766
0.49219
0.66016
0.28516
0.39453
0.83984
0.54297
1.09766
1.41797
1.42188
1.68359
1.63281
1.52344
1.41797
1.24219
0.91797
0.85938
0.51953
0.51953
0.18750
0.31250
0.36719
0.47266
0.85547
1.18750
1.39453
1.67578
1.71875
1.37891
1.26172
1.17578
1.12500
1.00781
0.67188
0.74609
0.50781
0.51562
0.80078
0.64453
1.03516
1.01953
1.07812
1.04297
1.10547
1.36719
1.50000
1.47266
1.37109
1.01562
1.17969
1.17969
0.82422
0.67969
0.91016
0.46484
0.63281
0.61719
0.57422
0.80078
1.09375
1.08984
1.25000
1.44922
1.23438
1.27344
1.25000
1.16406
1.16406
1.08203
0.98047
0.85938
0.65234
0.86328
0.92578
0.87109
0.98438
1.01562
1.11328
1.00000
1.05078
1.14844
1.23047
1.09375
0.95312
0.94531
0.94922
1.10938
1.12500
0.89062
0.83594
0.78906
0.67969
0.76953
0.69141
0.69141
1.07812
1.07812
1.09375
1.39844
1.19141
1.19141
1.28906
1.45703
1.11719
0.93750
0.76953
0.65234
0.61719
0.91797
0.76953
0.79297
0.87500
0.70312
0.88672
0.96875
1.14453
1.34375
1.19922
1.01562
1.16016
1.29297
1.35547
1.15625
1.03125
0.92188
0.83203
0.83594
0.84766
0.82422
0.78906
0.83203
0.81250
1.02734
1.05469
1.16016
1.21094
1.10547
1.10938
1.03906
0.94922
1.02734
0.90234
0.63281
0.82031
0.75781
1.21094
1.33203
1.24219
1.07812
0.90234
0.78906
0.92969
1.06641
1.09375
1.30859
1.04297
1.12891
0.98828
0.91016
1.22266
1.04297
0.88281
0.94922
0.63281
0.58984
0.67578
0.83203
1.07812
0.90234
1.23828
0.91016
1.06641
1.31641
1.29297
1.44141
1.15234
1.09375
0.92969
0.71484
1.07422
0.89062
0.71484
0.98828
0.77344
0.77344
0.86719
0.96094
1.13281
1.08984
1.14453
1.14844
0.96484
0.94141
1.09375
1.09766
0.93750
1.00000
0.98438
0.92578
0.97266
0.97656
1.22656
1.12891
0.78516
0.90625
0.66406
1.00781
1.24609
1.21484
1.25000
1.16016
1.14844
0.89844
0.76953
0.80859
0.82031
0.98047
0.98047
1.00000
0.81641
1.08203
1.07812
1.13281
1.36328
1.05469
1.14062
1.16016
1.16016
1.01953
0.91406
0.91406
0.90234
0.79688
0.76953
0.75391
0.75391
1.13281
1.00391
0.95312
1.15234
0.94531
1.21484
1.19531
1.22656
1.22656
1.11328
0.80469
0.67969
0.69531
0.80078
0.83594
0.97656
1.07031
1.33594
1.26562
1.33203
1.13672
0.90625
0.91406
0.80469
0.86719
1.02734
0.98828
0.99609
0.99609
0.88672
0.82422
0.87500
0.93359
0.96484
1.05469
1.19531
1.26562
1.25391
0.94141
1.00000
0.72656
0.63672
0.76172
0.96094
1.07031
1.07031
1.04297
1.11328
1.09375
1.07812
1.18359
1.16016
0.89844
1.11328
0.97656
0.79688
0.91016
0.80469
0.82031
0.99219
0.77344
0.94922
1.12109
1.13672
1.07422
1.10938
1.06641
1.13281
1.10547
0.97656
0.92969
0.88281
1.00391
1.06641
0.98828
1.14453
1.00000
0.92188
0.89453
0.96094
0.74609
0.90234
0.94922
0.94922
1.06250
1.22266
0.95703
0.91016
1.10547
1.09766
1.01562
0.95312
0.85547
0.84375
0.84375
1.06250
1.08203
1.02344
1.12500
0.95312
1.06250
1.21875
1.12109
1.11719
1.01953
0.71094
0.68750
0.89453
1.00391
1.02734
1.05469
1.08984
0.88672
0.91016
1.12500
0.95312
1.21094
1.04297
1.05078
0.87500
1.03906
0.97266
1.10547
1.01562
1.00781
1.05469
0.66797
1.08984
1.04688
0.96094
1.04688
1.04688
0.57422
0.98438
1.11719
0.85547
1.34766
1.00781
0.73438
1.33594
0.96484
0.89844
1.33984
0.78906
0.81641
1.13281
0.88672
1.11328
1.21875
0.98828
1.14062
1.11719
0.76172
0.98438
0.94922
0.88672
1.06250
0.86719
0.76172
1.01562
0.74609
1.15234
1.06641
0.87891
1.15625
1.13672
0.93750
1.00781
0.97656
1.06250
1.08203
0.96094
0.96094
1.21484
1.10938
1.32422
1.02734
1.12891
0.54297
0.96094
0.63672
0.84375
0.87109
0.59766
1.05078
0.50391
1.35156
1.20703
1.28125
1.70312
0.75781
1.46875
0.73828
0.62109
1.48828
0.48828
1.22656
1.15234
0.44531
1.24609
0.82422
0.98828
1.19922
0.87109
1.20703
0.75391
1.04297
1.20312
0.91797
1.00000
0.89844
1.05078
0.78516
0.76562
1.28906
0.81641
0.98828
1.20703
0.97656
1.17188
1.16406
1.12109
1.09375
0.89844
0.97656
1.03906
0.82812
0.80859
0.92578
0.78516
0.94922
0.99219
0.85547
1.10547
0.98047
0.97266
1.16406
1.12109
1.24609
1.24609
1.08203
1.17578
0.94531
1.01562
0.91016
0.90625
0.90625
0.89062
0.79688
0.87500
0.94141
0.96484
1.07812
1.07812
1.01172
1.07812
1.07422
1.00391
1.02734
0.99609
0.97656
0.99609
0.94922
0.98438
1.01562
1.08203
1.08203
0.99219
0.99609
1.02734
1.02734
1.00781
0.94922
0.91016
0.93359
0.94922
0.98828
0.99609
0.96875
0.96484
0.97656
1.00781
1.03906
1.06250
1.06250
1.08203
1.03516
0.99219
0.98828
0.98828
1.00000
1.00781
1.00781
0.98047
0.95312
0.95312
0.96484
1.01172
1.02344
1.03125
1.01562
0.96875
0.95312
0.97656
1.02344
1.03516
1.00391
0.96484
0.94141
0.95703
0.99609
1.03516
1.04297
1.01953
0.99609
1.00000
1.03125
1.06250
1.05859
1.03125
0.98047
0.95312
0.95312
0.97266
0.99219
0.99219
0.96094
0.92578
0.94531
0.99219
1.02734
1.03516
1.02344
0.99609
0.99609
1.02344
1.05078
1.03906
1.01953
0.99609
0.97266
0.96875
0.99609
1.02734
1.01172
0.99609
0.97266
0.97266
0.97266
0.97656
1.01562
1.00781
0.98047
0.96094
0.96094
0.99609
1.02344
1.03516
1.01562
0.97656
0.98047
0.99609
1.03516
1.05469
1.04688
1.01172
0.97266
0.96094
0.99609
1.02734
1.01172
1.00391
0.95703
0.93359
0.96484
1.01953
1.03516
1.03125
1.01172
0.97266
0.97656
1.00781
1.05078
1.04297
1.00781
0.96875
0.97656
1.01953
1.05078
1.02734
0.98438
0.98438
0.96484
0.98047
1.00000
1.03125
1.03125
0.99609
0.95312
0.95703
0.97656
1.01172
1.01172
0.99609
0.99609
0.97266
1.02344
1.04688
1.05469
1.03125
0.98438
0.96094
0.97656
1.01172
1.01172
1.01562
0.99609
0.96875
0.93359
0.93750
0.98047
1.02734
1.02344
1.01562
0.98438
0.97656
1.02734
1.02734
1.05859
1.03906
1.00391
0.97266
0.97656
1.00000
1.02734
1.04297
1.01953
0.96484
0.95312
0.97266
1.02734
1.03906
1.03516
0.99219
0.94922
0.95703
1.00000
1.03125
1.02344
1.00000
0.96484
0.95312
0.98047
1.01953
1.03516
1.02734
1.00391
0.98438
0.98828
1.01953
1.05859
1.05078
0.96875
0.96875
0.97266
1.00391
1.02344
1.00391
0.97656
0.96875
0.96875
0.97656
1.00781
1.03516
1.03125
1.00781
0.97656
0.96875
0.98438
1.00391
1.01562
0.99609
0.95312
0.96484
1.00781
1.05078
1.05078
1.01562
0.97656
0.97266
0.98047
1.01953
1.03906
1.01172
0.98047
0.95703
0.95312
0.98828
1.03906
1.03906
1.00781
0.98047
0.97266
0.98828
1.01562
1.03906
1.02734
0.98828
0.94922
0.96484
0.99609
1.03516
1.03906
1.03906
1.00781
0.95312
0.96094
0.98828
1.02734
1.03906
1.02734
0.99219
0.96484
0.96875
1.01562
1.04297
1.03516
0.99609
0.96484
0.96094
0.98438
1.02734
1.02734
1.01172
0.98438
0.96875
0.97656
1.00000
1.03516
1.03516
0.99609
0.95312
0.95703
0.97656
1.01562
1.04297
1.01953
0.98828
0.97656
0.97656
1.01172
1.03125
1.04297
1.01953
0.97656
0.97656
1.01562
1.02734
1.02734
1.01953
1.00000
0.95312
0.99609
0.99609
1.04297
1.01562
0.97656
0.97656
0.95312
0.97656
1.02734
1.03516
0.99219
0.96484
0.97266
0.99609
1.03906
1.04297
1.00781
0.96484
0.95703
0.98047
1.01562
1.03516
1.02734
0.98828
0.95312
0.96484
1.00391
1.03906
