0.98828
1.00000
0.99219
1.00000
1.01172
1.01172
0.99609
1.00000
1.00000
1.00000
1.00391
1.01172
1.00781
1.00781
0.99219
0.98828
1.00000
1.01172
1.00391
1.00781
0.99609
1.00000
0.98828
0.99609
1.01172
1.00391
0.99219
0.99609
0.98828
1.00781
1.00391
1.00391
0.99609
1.00000
0.99219
1.00781
1.00000
1.00391
1.00781
1.00391
0.98828
0.98438
1.00391
0.99609
1.00781
0.98828
0.99609
0.99219
0.99609
1.01172
1.01172
1.00781
0.99609
0.99609
1.00000
0.98828
1.00781
1.01562
0.99609
1.00391
0.98828
1.00391
1.00000
1.00781
1.00781
1.00391
1.00000
0.98828
1.00000
1.00000
1.00391
1.00391
0.99609
1.00000
1.00000
0.99609
1.00000
1.00781
0.98828
0.99219
0.99219
0.99219
1.00391
1.00781
1.00000
1.00391
0.99219
1.00000
1.00000
1.00000
1.00781
1.00781
0.99219
0.98828
1.00391
1.01172
1.00000
1.00781
0.99609
1.00000
0.99219
0.99609
1.01172
1.00781
0.99609
0.99609
0.99609
0.99219
1.00391
1.00781
1.00781
0.99219
1.00000
0.99219
0.99609
1.00391
1.01172
1.00000
0.99219
0.99219
1.00000
1.00781
1.00000
1.00391
1.00391
1.00781
0.98828
1.00000
1.00000
1.01172
1.00000
0.99219
1.00391
0.99219
1.00781
1.01172
1.00000
1.00000
1.00000
0.99219
0.99219
1.00781
1.00781
1.00781
0.99609
0.98828
1.00000
1.00000
1.00391
1.00781
0.99219
0.99609
0.99609
0.99219
0.99219
1.00391
1.00391
1.00000
0.99219
0.99609
1.00000
1.00391
1.00000
1.00391
0.99219
1.00391
0.98828
0.99609
1.00000
1.00391
1.00391
0.98828
0.99219
1.00391
1.00391
1.00391
1.00000
1.00000
0.99219
0.99219
1.00000
1.00781
1.00391
0.99609
0.99609
0.98828
0.99609
1.00391
1.00000
0.99609
1.00000
0.99609
0.98438
1.00000
1.01172
1.00391
0.99609
0.98828
0.99219
1.00781
1.00000
1.00391
0.99609
1.00000
0.99609
1.00000
0.99609
1.01953
1.00391
0.99219
0.99219
0.99609
1.00000
1.01172
1.00000
0.99609
0.99219
0.99609
1.00391
1.00781
1.00391
1.00391
1.00000
0.98828
0.99219
1.00781
1.00000
1.00781
0.99219
1.00000
0.99609
1.00781
0.99609
1.01172
1.00000
1.00000
0.99219
0.99219
0.99219
1.00391
1.00391
0.99609
1.00000
1.00000
1.00391
0.99609
1.01172
0.99609
1.00000
0.99609
1.00000
1.00000
1.00000
1.00781
1.00781
0.99219
0.99219
0.99609
0.99609
1.00391
1.00781
1.00391
0.99609
1.00391
0.98828
0.99219
1.00391
1.00781
0.99219
1.00000
0.99609
0.99609
0.99219
1.01172
0.99609
1.00781
0.99609
0.99609
1.00000
1.00000
1.00391
1.00391
0.99609
1.00000
0.99609
1.00391
1.00391
1.01172
0.99219
1.00000
1.00391
1.00391
1.00391
1.00000
1.01172
0.99219
1.00391
0.99609
1.00000
1.00000
1.01953
0.99609
1.00000
0.99609
0.99219
1.00391
0.99219
1.01172
1.00781
1.00000
0.99609
1.00391
0.99219
1.01172
1.00781
0.99219
0.98438
0.99609
0.98828
1.01172
1.00781
0.99609
1.00000
0.99609
0.99219
1.00391
1.00391
1.00781
0.99219
1.00391
0.98047
1.00391
0.99219
1.00781
1.00391
1.00000
0.99219
1.00781
1.00781
0.99219
1.01172
1.00391
0.99609
0.98438
0.99219
0.98047
1.01172
1.00391
1.00781
0.99609
0.99609
0.99609
0.99219
1.00000
1.00781
1.00781
1.00000
0.99219
1.00391
1.00391
1.00000
1.00000
0.99609
0.99609
1.00000
0.98438
1.00391
1.00781
1.00000
0.99609
1.00391
0.99609
1.00000
1.01172
1.00391
1.00000
1.00391
1.00000
0.99609
1.00781
1.00000
1.00781
0.99609
0.98438
1.00391
1.00391
1.00000
1.00391
1.00000
1.00391
0.99609
0.99219
1.00391
1.00781
1.00391
0.99219
0.99609
0.99219
1.00391
1.00781
0.98828
0.99609
1.00000
1.00000
1.00000
0.99609
0.99609
1.00391
1.00391
0.99609
1.01172
0.99609
1.00391
1.00391
1.00391
1.00391
1.00391
0.98828
1.00781
1.00000
1.00391
0.99609
0.99609
0.99609
0.98438
0.98438
1.00781
1.00000
0.99219
0.99609
1.00000
0.99219
1.00000
1.00781
1.00781
1.00000
0.98828
0.99609
1.01172
1.01953
1.00781
1.03516
0.92578
1.04297
0.94922
0.94922
1.07812
0.86719
1.11328
0.94922
0.94922
1.10938
0.87500
1.14453
0.94141
0.94531
1.08594
0.94922
1.07422
0.91797
1.06250
1.00000
0.94531
1.02344
0.91406
1.05469
0.94922
0.90625
1.19141
0.87891
0.99609
1.19531
0.89062
0.98828
1.16797
0.86328
0.86328
1.28906
0.72656
0.98047
1.33984
0.34375
1.38672
0.16797
1.85938
0.71875
0.52344
0.52344
1.99219
0.13672
1.15234
1.75781
-0.03906
1.84375
1.02344
0.27734
2.04297
0.34766
0.80469
0.01562
1.34766
1.37109
0.06641
1.78125
0.78125
0.39062
1.94922
0.27734
0.84375
1.73828
0.07812
1.45312
1.24609
0.09766
1.89844
0.71875
0.58594
1.94922
0.25000
1.24219
1.57031
0.15625
1.78125
0.93359
0.43359
1.89844
0.35547
0.87891
1.66016
0.11328
1.27734
1.27344
1.62500
0.84766
0.42188
0.42188
1.85938
0.46094
0.97656
1.67969
0.13281
1.60938
1.18359
0.24219
1.92578
0.55859
0.80078
1.84766
0.08203
1.36328
1.42578
0.13672
1.64062
0.83594
0.45312
1.71875
0.46875
1.57031
0.24219
1.26562
1.22656
0.22266
1.69922
0.75781
0.54297
1.84766
0.33984
1.07031
1.70312
0.18359
1.63281
1.21875
0.33203
1.95312
1.95312
0.63672
0.85938
1.78906
1.26562
1.61719
0.73047
0.47656
1.66016
0.32031
0.87109
1.46484
0.13281
1.36328
1.17188
0.29688
1.74219
0.76172
0.76953
1.86328
0.31641
1.50781
0.21875
1.82031
0.85938
0.58203
1.83594
0.26562
1.04688
1.57812
0.19141
1.41016
1.41016
1.12891
0.31250
1.60547
0.70703
0.58984
1.59375
0.39844
0.92188
1.46484
0.28125
1.35156
1.17578
0.46875
1.73828
0.74219
0.77734
1.83984
0.37109
1.33203
1.46094
0.29688
0.76953
0.76953
0.59766
0.29688
1.00391
1.00391
1.45312
0.11719
1.41406
1.00000
0.26562
1.72656
0.57812
0.69141
1.66016
0.39844
1.25000
1.44531
0.34375
1.54297
1.05859
0.62500
1.63281
0.57031
0.97266
1.65234
0.27734
1.32422
1.25000
0.25391
1.73047
0.71875
0.54688
1.73828
0.35938
1.11719
1.45703
1.52734
0.95312
0.43359
1.67969
0.51172
0.88281
1.62891
0.26953
1.37109
0.37891
1.75000
0.91797
0.64453
1.81250
0.44531
0.99609
1.50781
0.23828
1.31250
1.00781
0.21875
1.52344
0.56250
0.61719
1.66406
0.32031
1.22266
1.22266
1.53516
0.30469
1.66406
1.10938
0.57812
1.82422
0.48047
0.98438
0.98438
1.66016
0.21875
1.42188
1.15625
0.23047
0.65234
0.58594
1.78516
0.28125
1.09375
1.55859
0.14062
1.58594
1.04297
0.32812
1.87500
0.44141
0.89453
1.79297
0.11328
1.54688
1.30469
0.25000
1.82031
0.60938
0.60938
0.62109
1.76172
1.05469
1.39844
1.39844
0.18359
1.52344
1.01953
1.72266
1.72266
0.57812
0.83984
1.70312
0.29297
1.27344
1.38281
0.26172
1.67578
0.85938
0.51562
1.82031
0.45312
1.00781
1.57031
0.18359
1.41016
1.16406
0.32422
1.71094
0.64062
0.66016
1.74609
0.26953
1.14062
1.57031
0.25000
1.08984
0.45703
1.83594
0.54688
0.93750
1.70312
0.10156
1.33594
1.17188
0.18359
1.64453
0.60547
0.55859
1.73047
0.33594
1.05859
1.51953
0.36719
1.50000
1.13672
0.49609
1.64453
0.73047
0.80078
1.69141
0.36328
1.11328
1.38672
0.22266
1.50000
0.99219
1.73828
0.62500
0.83594
1.68750
0.33594
1.39453
1.27734
0.25000
1.75781
0.66406
0.62891
1.72656
0.26562
1.12500
1.38281
1.50781
0.96094
0.47656
1.66016
0.53125
0.89453
1.60547
0.31250
1.27344
1.32422
0.37500
1.64062
0.88281
0.67188
1.80078
0.53906
1.09375
1.53516
0.28125
1.40234
1.05469
0.30078
1.56641
0.58594
0.62109
1.60156
0.27344
1.16406
1.42188
0.30078
1.60938
0.95312
0.63672
1.81641
0.58203
1.00000
1.62500
0.37891
1.36328
1.21484
0.37500
1.57812
0.77344
0.67188
1.61328
0.43359
1.03125
1.39844
0.26562
1.36719
0.98828
0.37109
1.61719
0.55078
0.80469
1.61719
0.31250
1.30469
1.33594
0.40234
1.66406
0.88672
0.71094
1.71484
0.55078
0.55078
1.00000
1.50391
0.36328
1.30859
1.16406
0.44531
1.51953
0.78516
0.76562
1.55078
0.47266
1.04297
1.36328
1.36328
1.03516
0.46094
0.46094
0.60938
0.83984
1.64453
0.37500
1.30469
1.27344
0.37109
1.57812
0.87109
0.75000
1.59766
0.46094
1.06250
1.40625
0.35938
1.32812
1.07812
0.48828
1.56250
0.72266
0.70312
1.59375
0.46875
1.05469
1.35547
0.29297
1.40234
0.52734
1.69141
0.64062
1.05469
1.64062
0.39062
1.46094
1.26562
0.51953
1.65625
1.65625
0.73828
0.71875
1.55859
0.42188
1.06641
1.24609
0.37500
0.91016
0.53516
1.48438
1.48438
0.71094
0.79688
1.50391
0.45312
1.16406
0.43359
1.52734
0.82812
0.66016
1.67578
0.54688
1.07422
1.52734
1.46094
1.11719
1.11719
0.46875
1.68750
0.66406
0.78125
1.52734
0.34375
1.26562
1.26562
0.39062
1.48828
0.87500
0.62109
1.59766
0.57031
0.95703
1.53906
0.38281
1.28906
1.17969
0.43359
1.62109
0.75000
0.74219
1.70312
0.43750
1.18359
1.41797
0.27734
1.58594
0.98438
1.64844
0.53516
0.85938
1.55469
0.27344
1.23438
1.19531
0.26172
1.55078
0.76172
0.58594
1.73047
0.46484
1.06641
1.54297
0.41406
1.51172
1.13281
0.56641
1.62891
0.73047
0.75781
1.55469
0.46875
1.10547
0.33984
1.38672
0.96875
0.55078
1.64062
0.51953
0.94141
1.52344
0.29297
1.36719
1.18750
0.34766
1.73047
0.73438
0.66016
1.72656
0.38281
1.15234
1.41797
0.32422
1.50391
0.96094
0.57031
1.67969
0.65234
0.83984
1.51172
0.39062
1.11719
1.21484
0.32812
1.45312
0.85938
0.57812
1.60156
0.58203
1.02734
1.58203
0.44531
1.47266
1.19141
0.53125
1.71094
0.71094
0.83203
1.60156
0.32812
1.12500
1.25000
0.33984
1.47656
0.87109
0.56641
1.59766
0.55859
0.96875
1.51953
0.42969
1.35156
1.11719
0.39062
1.54297
0.72266
0.64453
1.60156
1.08203
1.41406
0.32422
1.52734
1.07422
0.64062
1.69141
0.65625
0.99609
1.55469
0.49609
1.23828
1.19531
0.41016
1.42969
0.80078
0.59375
1.51562
0.55859
0.97656
1.39453
0.39453
1.33594
1.14844
0.48828
1.58203
0.74609
0.74219
1.67188
0.44922
1.43750
0.42969
1.60156
0.93750
0.93750
0.56250
1.66797
0.57812
0.93359
1.41016
0.32422
1.22656
1.10938
0.40234
1.50781
0.70312
0.66016
1.62109
0.42578
1.42969
1.42969
0.42578
1.53906
1.02344
0.56641
1.66797
0.60938
1.48438
0.42578
1.24219
1.20312
0.54297
1.50000
0.86719
0.75781
1.55078
0.63281
0.99219
1.40625
0.42188
1.23438
1.07031
1.42188
1.42188
0.72266
0.78906
1.57812
0.44922
1.17188
1.38281
0.43359
1.49219
0.99609
0.53125
1.61719
0.67188
0.89453
1.51172
0.42578
1.31641
1.20703
0.37109
1.54297
0.68750
1.60938
0.48438
1.10547
1.10547
0.35938
1.39453
0.94922
0.48047
1.52344
0.58594
0.84375
1.56641
0.51562
1.31641
1.39844
0.51562
1.61328
0.95703
0.67578
1.60547
0.51562
1.00000
1.42969
0.33203
1.36328
1.05469
0.31250
1.55078
0.56641
0.66406
1.59375
0.32812
1.23047
1.37891
0.31250
1.64453
0.94922
0.63672
1.75000
1.01562
1.44922
0.35938
1.44531
1.08203
0.49609
1.58203
0.71875
0.79297
1.49609
0.51172
1.17578
1.32812
0.49219
1.37891
1.00000
0.66797
1.56641
0.69531
0.85547
1.40625
0.37109
1.12500
1.21484
0.30469
1.49219
0.84766
0.58984
1.67188
0.56250
1.11328
1.60938
0.48047
1.58984
1.12891
0.60156
1.61328
0.65625
0.80859
1.36328
0.31250
1.04688
1.10938
0.41797
1.43359
0.94922
0.61328
1.59375
0.71875
0.98828
1.50000
0.47266
1.28906
1.14453
0.36328
1.44141
0.72656
0.73438
1.58594
0.53125
0.53125
1.19531
1.37891
0.53906
1.56250
1.09766
0.75781
1.55469
0.75781
0.82422
1.37891
0.42188
1.14844
0.26562
1.25391
0.79688
0.79688
1.61328
0.62500
1.10938
1.65234
0.50000
1.55469
1.23828
0.57031
1.73828
0.69531
0.75781
1.51953
0.33203
1.16406
1.13672
0.31641
1.41797
0.82031
0.63281
1.45703
0.67188
0.98828
1.39453
0.60547
1.16406
1.22266
0.53906
1.39844
0.90234
0.67969
0.52344
1.06250
1.41016
0.46094
1.43750
1.14453
0.63672
1.66406
0.75781
0.96484
1.57422
0.41016
1.25000
1.20312
0.32422
1.39062
0.73047
0.50781
1.40234
0.48047
0.94531
1.32812
0.43750
1.28516
1.13281
0.64062
1.51172
0.89062
0.87891
1.57031
0.66797
1.19531
1.37109
0.54297
1.42969
0.98438
0.59766
1.41016
0.61719
0.84766
1.39453
0.52344
1.21094
1.17969
0.51172
1.42188
0.85547
0.68359
1.48047
0.50391
1.00391
1.33594
0.39062
0.39062
1.07422
0.57422
1.62891
0.74609
0.94531
1.55469
1.55469
0.54297
1.28906
0.46875
1.49609
0.88672
0.70703
1.53125
0.54688
0.99219
0.99219
1.29688
0.53125
1.19922
1.02344
0.55859
1.28125
0.71484
1.32031
0.67578
1.05469
1.37500
0.54297
1.34375
1.15234
0.64062
1.60547
0.76562
0.89844
1.49219
0.54297
1.24609
1.21875
0.57422
1.50000
0.77344
0.60547
1.44922
0.49609
1.09375
1.39062
0.47266
1.39453
0.96484
0.59766
1.40625
0.64453
0.80078
0.56250
0.56250
1.08984
0.64062
0.64062
1.39453
1.12109
0.64062
0.73828
0.84375
1.45703
0.52344
1.23828
1.24219
0.58594
0.58594
1.53516
0.91016
0.76172
1.50781
0.50391
0.91797
1.24219
0.35938
1.16406
0.99609
0.51172
0.51172
0.79297
0.94922
1.60938
0.69141
1.32031
1.32031
1.38672
0.62891
1.50781
1.00000
0.68359
1.51562
0.51562
0.84766
1.23828
0.33203
1.10547
1.02734
0.50781
1.40234
0.80859
0.80078
1.54688
0.62891
1.12109
1.35156
0.51562
1.35938
1.00781
0.66406
1.50391
0.62891
0.94922
1.35547
0.46094
1.28516
1.13281
0.61328
1.45312
0.87109
0.86328
1.45312
0.69922
1.14844
1.25781
0.59766
1.24219
1.01562
0.65234
1.33594
0.75391
0.83984
1.32812
0.53125
1.10156
1.22656
0.55078
1.44531
0.89062
0.74609
1.57422
0.61719
1.09375
1.39453
0.43359
1.34766
1.01172
0.54297
1.46484
0.74219
0.87109
1.35156
0.53516
1.09375
1.19141
0.57812
1.33984
0.95703
0.70703
1.40234
0.71875
0.90625
1.36328
1.20312
1.16797
0.60156
1.47656
0.95703
0.86719
1.54688
0.67578
1.13672
1.32422
0.54297
1.32422
0.96484
0.56250
1.34375
0.57422
0.71875
1.34375
0.50000
1.20312
1.22266
0.62500
1.46875
0.92188
0.83203
1.47266
0.67969
1.08203
1.30859
0.57422
1.27734
1.10547
0.59766
1.33984
0.77734
0.72266
1.33984
0.58594
1.10547
1.26172
0.52344
1.40234
1.03516
0.69531
1.53125
0.71484
1.00000
1.38281
0.55078
1.28516
1.09766
0.58984
1.40234
0.81250
0.75391
1.42188
0.63281
1.07812
1.26562
0.58594
1.33203
1.03906
0.63672
1.41406
0.75781
0.87891
1.41406
0.57422
1.18750
1.21484
0.61719
1.48047
0.84375
0.73438
1.42188
0.55078
0.96094
1.16016
0.39453
1.19531
0.89062
0.53906
1.42578
0.75391
0.97266
1.54297
0.68359
1.33594
1.42578
0.71484
1.57422
1.05078
0.82812
1.51562
0.62109
0.94141
1.13672
0.41797
1.07812
0.54688
1.23047
0.80859
0.79297
1.37891
0.72656
1.10156
1.38672
0.64453
1.32031
1.13281
0.64062
1.48047
0.75391
0.90625
1.43750
0.50000
1.23438
1.14844
0.57422
1.44141
0.87109
0.71484
1.43750
0.54297
0.93359
1.24219
0.47266
0.47266
1.20703
1.03125
0.65234
1.38672
0.81641
0.92969
0.72656
1.16016
1.27344
0.71094
1.33594
1.10156
0.73438
1.39844
0.77734
0.83594
1.28906
0.55859
1.16406
1.07422
1.07422
0.66016
1.44141
0.85547
0.92578
0.64453
1.07812
1.10156
0.52344
1.17188
0.88672
0.60547
1.38281
0.73828
0.85156
1.42969
0.60938
1.26172
0.66406
1.50391
0.98047
0.87891
1.47656
0.69141
1.02734
1.22266
0.51172
1.14453
0.94531
0.56641
1.23828
0.80469
0.84375
1.38281
0.87891
1.17969
1.31250
0.75391
1.19922
1.04297
0.59375
1.24219
0.80469
1.33594
0.57812
1.25781
1.25781
1.23047
0.71484
1.50781
0.91797
0.88672
1.29297
0.67188
1.05469
1.08203
0.53906
1.19922
0.97266
0.64453
1.30859
0.77344
0.86328
1.31641
0.66797
1.14062
1.18359
0.72656
1.41406
1.01562
0.85156
1.39453
0.80469
0.96484
1.28125
0.64844
1.16406
1.13672
0.65625
1.32031
0.89844
0.81250
0.81250
1.41406
0.66797
1.06641
1.21094
0.57031
1.32812
0.95703
0.66797
1.43359
0.66797
0.92578
1.29688
0.53516
1.27344
1.05078
0.60938
1.35547
0.74609
0.78125
1.39844
1.25781
0.70703
1.03906
0.77344
1.39844
1.39844
0.84375
0.91016
1.30469
0.61719
1.06250
1.08984
0.63672
1.18359
0.85938
0.75781
1.33203
0.76953
1.01562
1.36328
0.71875
1.25781
1.16016
0.66406
1.38281
0.83203
0.78906
1.35547
0.54688
1.08203
1.21094
0.53906
1.37891
0.92969
0.76953
1.45312
0.69922
1.05469
1.25000
0.60938
1.25391
1.03906
0.67969
1.32422
0.87500
0.82422
1.28906
0.72656
0.94141
1.17969
0.65234
1.14062
1.09766
0.70703
1.45312
0.95703
0.98828
1.46875
0.72656
1.19922
1.11328
0.55078
1.23047
0.77734
0.71484
1.32031
0.68359
0.68359
1.03125
1.31250
0.67969
1.21875
1.09375
0.65234
1.23828
0.87109
0.79297
1.26172
0.72266
1.00781
1.23438
0.71875
1.26172
1.08594
0.78516
1.39062
0.81641
0.98047
1.26562
0.66016
1.21484
0.98047
0.65625
1.19531
0.76562
0.80469
1.19141
0.76172
1.21875
1.21875
0.81250
1.26953
1.17969
1.36328
1.00000
0.85547
1.37500
0.76172
1.05859
1.22266
1.22266
0.64844
1.19922
0.90625
0.71875
1.16406
0.67578
0.82031
1.09375
0.58203
1.04688
1.07031
0.75391
1.36719
1.03516
0.91406
1.40625
0.89062
1.08203
1.30078
0.79297
1.19922
1.09766
0.76953
1.15625
0.86719
0.81250
1.10156
0.72656
0.94531
1.08594
0.76953
1.14844
1.12891
0.85938
1.32812
0.85938
0.90234
1.27344
0.66406
1.08594
1.08594
1.07031
0.75781
1.27344
0.93359
0.94922
1.25391
0.83594
1.07031
1.07812
0.73047
1.13281
0.93359
0.71875
0.71875
1.19531
0.84375
0.87891
1.23438
0.75391
1.12500
1.17188
0.75781
1.28906
1.03125
0.93750
1.34766
0.89844
1.01562
1.16797
0.73828
0.97266
0.99219
0.68750
1.06250
0.88281
0.86328
1.21094
0.87500
1.07422
1.25391
0.85547
1.19141
1.14062
0.82031
1.28516
0.93750
0.89844
1.20312
0.66797
1.02734
1.07031
0.61328
1.16406
0.87109
0.77344
0.79297
1.07422
1.07422
1.22656
0.79688
1.05078
0.85938
1.20312
0.94141
0.94141
0.79297
0.96875
1.07422
0.73047
1.05469
1.05469
0.77734
1.19922
0.98828
0.89062
1.34766
0.85547
1.10938
1.21094
0.76172
1.25781
1.01562
0.79297
1.25781
0.75391
0.93359
1.14453
0.68750
1.05469
1.01172
0.79688
1.21094
0.93359
0.94531
1.30469
0.89844
1.07422
1.16797
0.79297
1.11328
1.01953
0.75781
1.12109
0.85938
0.77344
1.11719
0.71484
0.93750
1.14453
0.70703
1.17188
1.06250
0.87109
1.35547
0.94922
1.11328
1.30078
0.82422
1.18750
1.08594
0.80859
1.24609
0.89844
0.92969
1.16016
0.78516
1.05469
1.07812
0.80859
1.08984
0.96484
0.70703
1.12109
0.79688
0.78906
1.17969
0.64844
1.08203
0.72266
0.72266
1.36719
0.98047
1.00000
1.36328
0.83594
1.18750
1.21094
0.84766
0.84766
1.23828
1.00000
0.83594
1.12500
0.81641
0.88281
0.75391
0.99219
1.06641
0.78516
1.16406
1.07812
0.84375
1.26562
0.91797
0.87109
0.87109
1.25781
0.71484
1.07031
1.14844
0.67188
1.29297
0.90234
1.33594
1.33594
0.75781
1.12500
1.19531
0.78906
1.30859
0.85547
1.25391
1.25391
0.77734
0.95312
1.04688
0.71875
1.07422
0.94922
0.75781
1.13672
0.89062
0.75781
1.18359
0.84766
0.97656
1.29688
0.83984
1.19922
1.19922
1.28516
1.28516
0.83594
1.26172
1.26172
0.74609
1.05469
1.15234
1.21484
0.94141
0.77344
1.25000
0.76953
0.94531
1.16797
0.66406
1.15234
1.10547
0.75781
1.32422
0.95312
0.90625
1.31641
0.79297
1.03125
1.03125
1.17188
1.14453
0.99219
0.99219
1.24609
0.83984
0.83984
0.91406
1.23438
0.67578
1.05859
1.14453
0.63281
1.25000
0.97656
0.76562
1.34766
0.81641
1.06641
1.26172
0.77344
1.25000
1.10938
0.82422
1.25781
0.99219
0.82812
1.21875
0.80469
0.86719
1.15234
0.60547
1.10156
1.06641
0.66016
1.32031
0.84766
0.89844
0.89844
0.72656
1.18359
1.21484
0.70312
1.30469
0.94922
0.80078
1.28516
0.69922
0.93750
1.12500
1.12500
0.62109
1.15234
1.01953
0.78516
1.26562
1.30859
0.76562
0.76562
1.00000
1.18359
0.64062
1.16406
0.91406
0.67969
0.67969
0.78516
1.05859
1.31641
0.74609
1.37500
1.19141
0.81250
1.39062
0.95703
0.86328
1.27734
0.66797
0.91016
1.16406
0.48828
1.08594
0.97656
0.60938
1.37891
0.82031
0.93750
1.41016
0.71094
1.19531
1.21094
0.69531
1.32031
0.98828
0.80859
1.30078
0.78906
0.98828
1.16016
0.70312
1.09375
0.98828
0.65625
1.22266
0.81250
0.72656
0.72656
0.66406
0.66406
1.04297
1.30078
1.37891
1.10547
0.82422
1.47266
0.81250
1.05859
1.29688
0.68750
1.19922
1.05078
0.64453
1.19531
0.78125
0.72266
1.21484
0.61719
0.92969
1.25000
0.62109
1.26562
1.14062
0.68750
1.46875
0.78125
0.89844
1.44141
0.64062
1.19531
1.22266
0.67578
1.37891
1.37891
0.93750
0.86328
1.35156
0.74219
0.97266
1.19141
0.62109
1.00000
1.05078
0.53125
1.19922
0.88281
0.67969
1.37500
0.76172
1.09375
0.74219
1.37109
1.17188
0.85938
1.47656
0.89453
1.00000
1.33594
0.61328
1.06250
1.04297
0.50000
1.19922
0.79297
0.65234
1.33984
0.71875
1.01562
1.01562
1.32031
0.65625
1.32031
1.08594
0.64453
1.44141
0.82031
1.38281
0.57031
1.06641
1.12500
0.49609
1.26562
0.86328
0.72266
1.43359
0.76172
1.12109
1.41406
0.74219
1.30469
1.21875
0.74219
1.38281
0.86719
0.79688
1.28516
0.61328
1.00781
1.07812
0.57812
1.25391
0.91406
0.66406
1.35156
0.75000
0.92188
1.41406
0.66797
1.24219
1.26953
0.66016
1.45703
0.98828
0.74219
1.38281
0.64844
0.95312
1.16406
0.54688
1.24219
1.04297
0.66406
1.40234
0.79297
0.80469
1.39844
0.68359
1.13672
1.21484
0.57812
1.32422
0.95703
0.70703
1.40625
0.64453
0.97656
1.35156
0.61328
1.26953
1.14453
0.66016
1.42188
0.86719
0.70312
1.48047
0.61328
0.96875
1.28906
0.47656
1.32812
0.96875
0.64062
1.51953
0.71875
1.00781
1.41797
0.62891
1.29688
1.15234
0.66406
1.32031
0.80078
0.69531
1.26562
0.56250
0.90234
1.28125
0.44141
1.16797
1.10156
0.59375
1.57031
1.01953
0.96094
1.58203
0.76562
1.17188
1.36328
0.61719
1.25000
0.89062
0.59766
1.25391
0.71875
0.88281
1.22266
0.67188
1.11328
1.11328
0.51172
1.37891
0.94922
0.68359
1.46875
0.67188
1.06641
1.39062
0.59766
1.39844
1.11719
0.69531
1.43750
0.74219
0.89453
1.38672
1.11328
1.08984
0.56250
1.30859
0.82812
0.69531
1.35547
0.57812
0.90625
1.31641
0.48828
1.29688
1.14453
0.63672
1.51562
0.88281
0.93750
1.49219
0.76172
1.21484
1.33984
0.69531
1.33984
1.02344
0.63281
1.30469
0.64062
0.67578
1.19531
0.35156
1.03125
1.09766
0.49609
1.49219
0.92969
0.82422
1.71875
0.75391
1.20312
1.43750
1.42188
1.42188
0.75000
1.33984
0.75000
0.84766
1.12500
0.51172
0.94141
1.03516
0.51562
1.14844
0.98438
0.65234
1.39453
0.85156
0.94141
1.42969
0.69531
1.27734
1.22656
0.69141
1.51562
0.92578
0.88281
1.48438
1.48438
0.67578
1.04688
1.25781
0.58203
1.24219
0.94922
0.62500
1.33984
0.67969
0.88672
1.26172
0.51172
1.15234
1.03906
0.53516
1.32812
0.79688
0.79688
0.77734
1.40234
0.69922
1.35156
0.70312
1.40625
1.16797
0.76953
1.48828
0.81641
0.87891
1.32812
0.51953
1.02344
1.12500
0.50000
1.27734
0.96484
0.70703
1.45312
0.70312
0.99219
1.39062
0.61328
1.26953
1.14062
0.64453
1.45312
0.82812
0.80859
1.42578
0.60156
1.05469
1.18359
0.50000
0.50000
1.29688
1.03125
0.69922
1.38672
0.82812
0.88672
1.36328
0.57422
1.09375
1.19531
0.51172
1.37891
0.72656
1.46094
0.70312
1.05859
1.27344
0.62500
1.26562
1.11328
0.72656
1.38281
0.89453
0.83984
1.37109
0.69141
0.98047
1.21875
0.51953
1.24609
0.93750
0.58203
1.51953
0.76172
0.95703
1.45312
0.60547
1.28125
1.19531
0.62500
1.44922
0.84766
0.71094
0.71094
1.37109
0.57422
0.96875
1.18750
0.49609
1.28516
0.97656
0.60156
1.42188
0.78516
0.88281
1.46484
0.66406
1.17578
1.30469
0.64453
1.44141
0.94141
0.74609
1.39453
0.66406
0.90625
1.24609
0.53516
1.20312
1.08984
1.08984
0.62891
1.40625
0.91016
0.87109
1.46875
0.66797
1.30859
0.52344
1.25391
1.01172
0.56641
1.41797
0.66797
1.38672
0.55078
1.23047
1.18750
0.66016
1.42969
0.93359
0.87891
1.47656
0.73828
1.01562
1.24219
0.52734
1.12500
0.92188
0.49609
1.30078
0.74219
0.82422
1.41016
0.66406
1.21484
1.30469
0.71875
1.47266
1.01172
0.77734
1.52344
0.75781
0.97656
1.28906
0.53516
1.19141
1.00391
0.42969
1.32422
0.68750
0.71484
1.37891
0.64062
1.15625
1.31250
0.64844
1.42188
1.05859
0.70703
1.53906
0.71094
0.92578
1.40234
0.54297
1.16406
1.15625
0.64453
1.39844
0.91406
0.81641
1.38281
0.71484
0.92969
1.24609
0.51172
1.09766
0.96875
0.50781
1.35547
0.80469
0.77344
0.66406
1.21094
1.35938
0.69922
1.54688
1.09375
0.83984
1.58203
0.70703
0.98828
1.32031
0.36328
1.14062
0.94141
0.35938
1.32422
0.65625
0.74609
1.43750
0.58984
1.28125
1.28125
0.62891
1.43750
1.06641
0.75391
1.51172
0.73438
0.99609
1.38672
0.55078
1.20312
1.09766
0.50391
1.37500
0.82031
0.78516
1.41406
0.69141
1.09375
1.37500
0.61328
1.34375
1.07812
0.65234
1.41797
0.67188
0.79688
1.31641
0.50781
1.08984
1.14062
0.42188
1.32031
0.89062
0.76562
1.66406
0.80469
1.06250
1.51562
0.61719
1.35156
1.17578
0.50000
1.41797
0.69922
0.67969
1.36328
0.56250
0.56250
1.13672
1.16797
0.66797
0.87500
0.78906
0.78906
1.35547
0.69141
1.30469
0.49609
1.10938
1.21875
0.54297
0.54297
1.44141
0.99219
0.75781
1.57422
0.77734
1.15234
0.65234
1.39453
1.04297
0.61328
1.38672
0.64453
0.72266
1.31641
0.33203
1.03125
1.08594
0.29688
1.45312
0.91016
0.75000
1.60938
0.67188
1.21875
1.51172
1.51172
0.64844
1.42578
1.12891
0.61719
1.45703
0.73828
1.31641
0.56250
0.94141
1.11719
1.11719
1.25781
0.98438
0.63672
1.51172
0.78125
0.91797
0.91797
1.57422
0.54297
1.26172
1.31641
0.51562
1.51953
0.88672
0.70312
0.51953
0.97656
0.97656
0.45312
1.31250
0.97266
0.58594
1.47656
0.70312
0.89844
1.50781
0.57812
1.16016
1.28125
0.56250
1.37500
0.94531
0.75000
1.44141
0.68750
0.96875
1.35156
0.50000
1.21875
1.09375
0.54688
1.33594
0.77734
0.72656
1.43750
0.62500
0.62500
1.08594
1.33203
0.55078
1.38672
1.03906
0.67969
1.53125
0.76172
0.95703
1.42578
0.61328
1.24219
1.15234
0.58594
1.39844
0.78906
0.61719
1.40234
0.51172
0.98438
1.34766
0.44922
1.29297
1.02734
0.66797
1.52344
0.72266
0.94141
1.46875
0.55859
1.25391
1.23828
1.41016
0.92188
0.71875
1.40234
0.60156
0.96094
1.32031
0.53516
1.27734
1.12109
0.60156
1.46484
1.46484
0.84375
0.76172
1.40234
0.53125
0.97656
0.44922
1.32031
1.00000
0.68359
1.58594
0.75781
1.01172
1.61328
0.53516
1.32422
0.57031
1.52734
0.80469
0.75781
1.33984
0.46484
0.98047
1.05859
0.45703
1.25781
1.25781
0.94922
0.65625
0.80078
0.92578
1.48047
0.62500
1.16016
1.25781
0.56250
1.37500
1.01172
0.71484
1.53125
0.67578
0.92188
1.43359
0.48047
1.25000
1.16016
1.45312
0.72656
1.44922
0.54297
1.16016
1.26172
0.48828
1.47266
0.99219
0.70312
1.58594
0.65625
1.03906
1.37109
0.51562
1.26172
1.10156
0.56250
1.31641
0.79297
0.69531
1.36719
0.96875
0.96875
1.37500
0.54297
1.31250
1.16406
0.72266
1.52344
0.83984
1.42969
0.54297
1.11328
1.17969
1.17969
0.46094
1.29297
0.83594
0.60547
1.35938
0.61328
0.94531
1.45703
0.55859
1.33203
1.30078
0.66016
1.62891
0.90234
0.88672
1.53906
0.42578
1.12109
1.21094
0.36328
1.31250
0.88672
0.88672
0.58203
1.33984
0.92969
1.33203
0.53516
0.53516
1.24219
1.14453
0.65234
1.02734
0.83594
1.53125
0.78906
0.99609
1.33984
0.52734
1.14453
1.05078
0.51172
1.31641
0.76562
0.77344
1.49219
0.62109
1.18750
1.33984
0.51562
1.44922
1.00391
0.64453
1.55859
0.58203
0.94922
1.33594
0.50000
1.30078
1.03516
0.66406
1.40625
0.77734
0.89062
1.41406
0.64844
1.07812
1.25000
0.60156
1.21094
1.01562
0.59766
1.32031
0.78125
0.82422
1.39453
0.66797
1.21875
1.30078
0.63281
1.41016
0.98047
0.69531
1.33203
0.75391
0.84375
1.14062
0.76953
0.98047
0.86719
1.00781
1.17969
0.67578
1.21484
1.20703
0.80859
1.17578
1.16406
1.06641
1.00000
0.96094
0.80469
0.89062
1.13281
1.13281
0.97656
1.00391
0.93750
0.95703
0.99609
1.09375
0.94141
1.05078
1.06250
1.02344
1.14453
0.93750
1.08203
1.08203
1.07031
0.87109
1.08203
0.97266
0.88672
1.00000
0.92188
0.91797
1.00000
0.93750
1.01562
1.03125
0.93750
1.09375
1.01953
0.97656
0.99609
1.01172
1.03125
0.99609
0.97656
0.97656
0.97266
0.96484
0.98047
0.97266
0.97266
0.96875
0.96875
1.02734
1.01562
1.01172
1.02734
1.04297
1.03125
1.02734
1.02344
1.01953
1.00391
0.96875
0.95703
0.96094
0.97266
0.97266
0.96875
0.98047
1.00391
1.00781
1.04297
1.04297
1.03125
1.01562
1.00781
1.00000
1.00000
1.00781
0.98828
0.96094
0.97656
0.99609
0.99219
0.99609
0.99609
1.00781
1.00781
0.98047
1.00000
1.01562
1.02344
1.01953
1.01953
1.02344
1.00000
1.00781
1.01953
1.00000
0.98438
0.99609
0.97266
0.95312
0.96875
0.98828
0.98438
0.97656
0.98828
0.99609
0.99609
1.00781
1.03125
1.02344
1.01953
1.01562
0.99609
0.99219
1.00000
1.00000
0.98438
0.98047
0.98047
0.99219
0.99219
1.00781
1.00391
1.00781
1.00000
1.02734
1.03516
1.02344
1.02344
1.01953
0.99609
1.00000
1.01172
1.00391
0.99219
0.98047
0.98047
0.96875
0.97656
0.98828
1.00000
0.98438
0.98828
1.00391
1.00391
1.00391
1.02344
1.02734
1.01562
1.01562
1.01172
1.00781
1.01172
1.01172
1.01172
1.01172
1.00391
0.98828
0.98438
0.98828
0.99609
0.99219
0.99219
0.98047
0.97266
0.98438
1.00391
1.00000
0.99609
0.99609
0.98828
0.98438
1.00391
1.00000
0.99609
1.00781
1.00000
0.98828
1.00781
1.02734
1.02344
1.01562
1.01172
1.00391
1.00000
1.00391
1.01953
1.01172
0.99609
0.98828
0.98828
0.98047
0.99609
0.99219
0.98828
0.98438
0.98828
0.99609
0.99219
1.00391
1.00391
1.01172
0.99609
1.00000
1.01172
1.01953
1.01562
1.01172
1.00391
1.00391
1.00781
1.01172
1.02344
1.01562
1.00781
0.99219
0.98438
0.98438
1.00391
1.00000
0.98828
0.98828
0.98438
0.97656
0.98438
0.99609
0.99609
0.99609
0.98438
0.98438
0.98438
1.00391
1.01172
1.01562
1.00391
1.00000
1.01562
1.00781
1.01953
1.01562
1.01562
0.98828
0.99609
1.00000
1.01562
1.00000
1.00000
1.00000
0.99609
0.98828
0.98438
1.00000
1.00781
1.00391
0.99219
0.98047
0.99219
1.01172
1.01562
0.99609
0.99609
0.98828
1.00781
1.00000
1.01172
1.01562
1.00781
1.00391
1.00781
1.01172
1.00391
1.01953
1.00391
1.00000
0.98828
0.99609
1.00000
0.99609
0.99609
1.00391
0.98047
0.96484
0.98828
1.00000
1.00000
1.00000
1.00781
0.99219
1.00000
1.00781
1.02344
1.00781
1.00781
1.00781
0.98828
0.98438
1.00781
1.00391
0.99609
0.98828
0.98438
0.98047
0.99219
0.99219
1.00781
1.00000
0.98828
0.99219
1.00000
1.01562
1.01562
1.01562
1.00391
0.99609
1.00000
0.99609
1.01562
1.00781
1.00781
1.00000
0.98828
0.98828
1.01562
1.00781
1.00000
1.00391
0.99609
0.98828
1.00391
1.01562
1.00391
1.01172
0.99609
0.99219
0.99609
1.00781
1.01172
1.00391
0.99609
