0.99219
0.99219
1.01562
1.00391
1.00781
1.00000
0.99609
1.00781
1.00000
0.98438
0.98438
1.00000
1.00391
1.01562
1.00391
0.98828
0.99609
0.99609
0.99219
1.00000
1.00000
1.00000
0.99219
0.98438
0.98828
0.98828
1.01172
1.01172
1.00781
1.00000
0.99609
1.00391
1.00000
0.99609
1.01172
0.99609
0.98047
0.98828
1.00391
0.99609
1.00781
1.00391
1.00781
1.01172
0.99609
0.99609
0.99609
0.99219
1.01562
1.01172
0.98828
1.00391
0.99219
1.00000
1.00391
1.01172
1.00000
1.00000
0.99609
0.99609
1.00000
1.00000
1.00781
0.99219
0.99219
0.98828
1.00391
1.00391
1.00781
1.01953
0.99219
0.98828
1.00781
1.00391
1.01172
1.00000
1.00781
0.99219
0.98047
0.98828
1.00000
1.00000
1.01953
1.01562
0.98828
0.98828
0.99219
1.00781
1.00781
1.00000
0.99219
0.99609
0.99219
1.00391
0.99219
0.99219
1.00781
1.01172
1.00000
0.98828
0.99609
1.01562
1.00000
1.00000
1.00000
0.98828
0.98828
0.99609
0.99609
1.01172
1.00391
1.00000
1.00781
0.98828
0.99219
1.00781
1.01172
1.01562
1.01172
0.99219
0.98438
0.99219
1.00000
1.00000
1.00000
0.99609
1.00000
1.00000
0.98828
1.00391
1.01562
1.00781
0.99609
0.98828
0.99219
0.99609
1.00781
1.01562
1.00000
1.00000
0.99219
1.00000
0.99609
1.00000
1.00781
1.00391
0.98438
1.00000
1.00391
1.00000
1.00391
1.00391
0.99609
1.00391
0.99219
0.99219
0.99609
0.99219
1.01562
1.00781
1.00000
0.99219
1.00781
1.00000
1.00391
1.00391
0.99609
1.00781
0.98438
0.99219
0.99609
1.01953
0.99219
1.00000
1.00000
1.01172
1.00000
1.00781
0.99219
0.99609
0.99609
1.01562
1.00781
0.99219
0.99609
0.99609
1.00000
1.00000
1.00391
1.00391
1.00391
0.99609
0.99609
0.99609
1.00000
0.99609
1.01172
1.00000
0.99609
1.00391
1.00000
1.00000
1.00000
1.01172
1.00391
0.98828
0.99219
1.00000
1.00781
1.00000
1.00391
1.00000
1.00000
1.00000
0.99219
1.00781
1.00000
1.01172
1.01172
0.99219
0.98438
0.99219
1.00391
1.00781
1.01172
1.01172
0.98828
0.99609
0.99609
0.99609
1.00000
1.00391
0.99609
0.99609
0.99219
0.98828
0.99609
1.00000
0.99609
1.01172
1.00000
0.99609
0.99219
1.00000
1.01953
1.00391
1.00391
0.99609
0.98047
0.99219
0.98438
1.00391
1.00000
1.00000
1.00391
1.00781
0.99609
1.00391
0.98828
0.99609
1.00391
1.00000
1.00781
0.99219
0.99609
0.99609
0.99609
1.00391
1.00781
1.01172
1.01172
1.00781
1.00000
1.00000
0.99609
1.00391
1.00391
0.99609
0.99219
0.98438
0.99219
1.01953
1.01172
1.00391
1.00781
1.00781
0.98438
0.99219
0.98828
1.01172
1.01562
1.00781
1.00000
0.99219
0.98438
1.00000
1.00781
1.01172
0.99219
1.00391
0.98828
0.98438
1.00391
1.01562
1.01172
0.99609
0.99219
0.99219
0.99609
1.01562
1.01562
0.99609
0.99609
0.98828
0.98438
0.98828
1.00391
1.02734
1.01172
0.99219
0.98438
1.00000
1.00781
1.00000
1.01172
1.00000
0.99219
1.00000
0.98828
1.00781
1.00391
1.00000
0.99219
1.00781
1.00391
0.99219
1.00781
1.00000
1.01172
1.00000
0.99219
0.99609
1.01172
1.01562
1.00000
0.99219
0.99219
1.00000
0.99609
1.00000
1.00000
0.99609
0.98828
0.99219
0.99219
1.00391
1.00391
1.01562
1.00781
0.98828
0.98438
0.99609
1.01172
1.00391
0.99609
0.99219
0.99219
1.00000
1.00391
1.00000
0.99609
1.01562
1.00781
0.99609
0.99219
1.00781
1.00781
0.99609
1.00000
0.99219
0.98828
1.00391
1.00781
1.00000
0.99609
1.00781
1.00781
0.98828
0.98438
0.99219
1.00781
1.01172
0.99219
1.00391
0.99609
0.98828
0.98828
0.99609
1.01172
1.00391
0.99609
1.00391
0.98828
0.99609
1.00781
1.00391
0.99609
1.00391
0.98828
0.98438
1.00391
1.00781
1.00781
1.00000
0.99609
1.00391
1.01172
1.01562
1.01172
1.00000
1.00000
0.98828
0.98047
0.98047
0.99609
1.01172
1.00391
0.98828
0.99609
0.99609
1.00000
1.00391
1.00000
0.99219
0.99219
0.99609
0.98438
0.99219
1.00391
1.00391
1.00781
1.00391
1.01953
1.00391
1.00000
1.00781
0.98828
1.00000
1.00000
1.00391
0.98438
0.98828
0.99609
1.00391
1.00391
0.99609
1.00391
1.00391
0.99219
1.00391
1.00391
1.00000
1.00000
0.99219
0.98828
0.98828
0.98828
1.01562
1.00391
1.00000
1.00000
0.99609
0.99219
1.00391
1.00391
0.99219
0.99609
0.99219
0.99219
0.98438
1.00391
1.00781
1.00781
1.00000
1.00000
0.99609
1.00781
1.00391
1.00781
0.99219
0.99609
1.00391
0.98828
0.99609
1.00781
1.01172
1.01172
0.99219
1.00000
0.99219
0.99219
0.99609
1.00000
1.00781
1.01562
0.99609
0.98828
0.98438
0.99609
0.99609
1.01172
1.01172
1.00000
1.00000
1.00000
1.00781
1.00391
1.00000
1.00000
0.98828
0.98047
0.99609
1.01562
1.01562
1.00000
0.99219
0.99609
1.00781
1.00391
1.02344
1.00391
0.99609
0.98047
0.98047
0.98828
1.00391
1.00391
1.00000
1.00391
0.99609
0.99609
1.00781
1.00000
1.00391
1.00000
0.98828
0.98828
0.99219
0.99609
0.98438
1.00391
0.99609
0.99219
1.00781
1.00000
1.00781
0.99609
1.00391
1.01172
0.99219
0.98828
0.99219
1.00000
0.99219
1.01172
1.00000
0.99219
0.99609
1.00781
1.01562
0.99609
1.00000
1.02344
0.98438
1.04688
0.98047
0.92578
1.01172
0.82812
1.10156
1.00781
1.23438
0.86719
1.09375
0.86719
0.94141
1.14062
0.85938
1.02734
0.99219
1.01172
1.04297
0.90234
1.08203
0.92188
1.07812
0.97266
0.98047
1.08594
0.75781
1.22656
1.00781
0.76172
1.31641
0.95703
0.98828
0.99219
0.98438
0.92578
0.86719
1.05078
0.95312
0.95312
1.05859
0.94531
0.92188
1.19531
1.05078
1.06250
1.05078
1.14062
0.85938
0.98047
1.09375
0.87500
0.98438
0.99219
0.99609
0.80859
1.12500
1.04297
0.93359
1.04688
1.08203
0.80859
0.82031
1.04688
0.83984
0.98047
1.11719
1.10547
1.03906
1.15625
1.00000
1.00000
0.98438
0.74219
0.74219
0.93359
1.08984
0.93750
0.97656
0.96875
0.85938
1.02734
1.07422
1.00391
0.99609
1.18750
1.18750
1.02344
1.02734
1.18359
0.98828
0.99609
0.99219
1.01562
0.96875
0.96875
1.08203
0.88672
0.92969
1.08203
0.80859
0.91016
1.14062
1.01953
0.98047
1.07031
0.78516
1.05469
1.19141
1.00000
1.02344
1.19922
0.96484
0.90625
1.19531
0.92969
0.95312
0.92578
0.93359
0.77734
0.83594
1.09375
1.02344
1.00000
1.22656
0.99609
0.89844
1.14062
1.04297
1.01562
0.98047
1.05859
0.79688
0.90625
1.09375
0.97266
0.99609
1.14844
1.00781
0.85938
1.12109
0.96484
0.97656
1.00391
1.09766
0.90234
1.08203
1.00000
1.01172
1.13281
1.07812
0.88672
1.06641
1.01562
0.85156
0.89062
1.08203
0.80078
0.93750
1.12891
0.98438
1.05469
1.12500
1.05469
0.96875
1.07031
1.05469
1.04688
0.94141
1.10938
0.85547
0.85547
1.03125
0.87109
0.87500
0.96484
0.98438
0.84766
1.05859
1.14844
1.10547
1.05078
1.23828
0.97656
0.98047
1.17578
0.92578
0.90625
0.95312
0.91406
0.82812
1.00391
0.99609
1.01172
0.94141
1.15234
1.02344
1.02734
1.20703
0.98047
0.90234
0.92578
0.99219
0.78125
0.97266
1.06250
0.96484
0.95312
1.15234
0.99609
0.97266
0.98438
0.98438
0.98438
0.96484
0.80859
0.80859
0.94922
0.96484
0.92188
0.92969
1.10547
1.00781
1.00781
0.96875
1.19531
1.09766
1.11328
1.02344
1.14844
0.81641
0.83984
1.02734
0.82422
0.80469
1.10547
0.89453
0.85938
1.16016
1.00781
1.14062
1.14844
1.17188
0.98438
1.02734
1.07031
1.00391
0.92578
0.98047
0.96875
0.73828
0.97266
0.96875
0.93750
0.93750
0.93750
0.92188
0.96094
1.16406
0.96484
0.96484
1.16797
0.98828
0.89453
1.14453
0.99609
0.98438
0.98438
0.95312
1.10547
0.98047
1.00000
1.08203
0.96094
0.99219
0.97656
0.84375
1.10547
1.01953
0.95312
0.83203
1.01953
0.90234
0.91406
1.16797
1.01562
0.97656
1.07812
1.09375
0.95703
1.20703
1.05859
1.03906
0.89844
0.98047
0.85547
0.81250
1.08984
0.91016
1.00781
1.01172
1.05469
0.92188
1.05859
1.16016
1.05078
0.98828
1.12109
0.87500
0.83984
0.98047
0.89844
0.89844
0.94531
1.02344
0.92578
1.12109
1.08594
1.09375
1.03125
1.07422
0.98438
0.94141
1.04297
0.96875
0.99609
0.91016
1.07812
0.92578
0.99219
1.01953
0.89453
0.87891
1.05078
0.93750
0.94922
1.13672
1.00000
1.07812
0.98047
1.08594
0.98438
1.03516
1.15234
1.02344
1.02344
0.90234
1.05859
0.94531
0.88281
1.08594
0.90625
1.02734
0.87500
0.98047
0.89844
1.11719
1.00000
0.94141
1.12109
1.01562
0.97266
1.03125
1.05469
0.99219
1.05469
0.85938
0.97656
0.96484
0.94141
0.94141
0.98438
0.95312
1.01172
0.82812
1.06641
1.05469
1.05859
1.04297
1.16797
0.99609
0.94531
1.12891
1.08594
0.93750
1.00781
0.96875
0.75391
0.94922
0.94922
0.89844
0.92969
0.92188
1.11328
0.97656
1.05078
1.20312
0.98438
1.07031
1.11328
1.03906
0.93359
0.91797
0.93359
0.96484
0.81250
1.03906
0.89453
0.98047
1.20703
1.03516
1.08984
1.01562
1.05078
0.94922
1.03906
1.03906
0.94531
0.86328
1.02344
0.86328
0.86328
1.08984
0.88672
0.96875
0.97656
1.01562
0.98828
1.10547
1.10156
1.11328
0.97656
1.09766
0.97266
0.91797
1.08984
0.98828
0.91016
1.00391
0.92969
1.01562
1.02734
0.95703
0.82031
1.08594
0.96484
0.96875
1.21875
1.03516
1.03516
1.06641
1.01562
1.08594
0.94141
1.04688
1.06250
0.82031
0.91797
0.94141
0.86328
1.05859
1.04688
1.05469
1.01562
1.18750
0.91406
0.95703
1.07422
1.00781
0.95312
1.01562
0.89453
0.86328
1.06641
1.00000
1.09375
0.96484
1.03125
0.91016
0.94922
1.08203
1.01562
1.03125
1.08984
0.97266
0.96484
1.05859
1.01172
1.14844
0.97266
1.06641
0.83594
0.80469
1.02344
0.88672
0.91406
1.06641
1.00391
0.98047
1.13281
0.94922
0.94922
1.08594
1.03125
1.10938
1.10938
0.98828
1.09766
1.09766
1.00000
0.97656
0.98438
0.96875
0.89062
0.97266
0.92188
0.83594
1.08594
0.99219
1.02734
1.20703
1.01953
0.98828
1.11328
1.07031
0.94531
1.05078
0.91016
0.93750
0.86328
0.98828
0.88281
0.93750
1.14844
1.04688
1.02734
0.99609
1.03125
1.08203
1.03906
0.97656
0.97266
1.04297
0.94141
0.90625
1.05078
1.02344
1.00391
0.97656
1.05078
0.90234
1.05469
1.13281
1.14062
1.04688
1.19922
0.95703
0.90234
1.01562
0.78125
0.93750
0.83203
0.88672
0.85156
0.87500
1.03906
0.99609
1.23438
1.11328
1.04688
1.21875
1.00781
1.00781
1.03125
0.98047
1.01172
0.89062
0.98828
0.98047
0.89062
0.88281
1.01562
0.91797
0.96094
1.06641
1.07422
0.93750
1.01562
0.94531
1.02344
1.08984
1.03125
0.92969
0.98828
1.01562
0.93359
1.11719
1.07031
1.04688
0.98438
1.12891
1.00391
1.03125
1.03125
0.93750
0.91406
0.98438
0.92578
0.85547
1.05078
1.00781
1.06641
0.89062
1.03906
0.96094
0.98438
1.11719
1.01172
0.93750
0.97266
0.94922
0.92969
1.06641
1.03125
1.07812
1.01172
1.08203
0.96484
1.02344
1.03516
1.03516
1.04297
0.91797
0.96875
0.84766
0.93750
1.00391
1.00391
0.91016
1.07031
1.07031
0.91797
0.95703
1.00781
1.06641
1.01953
1.01562
0.97266
1.05859
1.01953
0.97656
0.93359
1.02734
0.85547
0.96094
1.06250
0.98828
1.14453
1.01172
1.01172
1.03906
0.96094
1.00391
1.08984
1.02344
0.85156
0.96875
0.90234
1.00391
1.03125
1.08594
1.00000
1.01562
0.87109
0.94922
1.05078
1.05469
1.02344
1.13281
1.04688
0.98438
1.05469
1.01172
1.07031
0.92969
0.93359
0.82031
0.93359
0.95312
1.00391
0.99219
1.09375
1.07031
0.94922
1.11328
1.00781
0.97266
0.89453
0.98047
0.85938
0.94922
1.00391
1.00000
1.02734
1.08203
1.07422
1.06641
1.18359
1.09766
1.04297
0.91406
1.08203
0.90234
0.97266
1.02734
0.89062
0.91406
0.86328
0.93750
0.94531
1.01562
0.98047
0.98438
0.88281
1.09375
0.98047
1.12500
1.17578
1.02734
1.04297
1.01172
0.96094
0.95312
1.07812
0.98047
0.88672
0.93750
0.87891
0.92578
1.07031
0.99609
1.01562
0.97266
0.89844
0.97656
1.02734
1.04297
1.10938
0.87109
1.05859
0.92578
0.90234
1.15234
1.03906
1.11328
1.07031
0.97266
0.89453
1.00781
1.06641
1.17188
1.02344
1.04297
1.04297
0.85547
0.82812
0.95312
0.89453
0.98047
0.98047
0.99219
0.85156
0.98828
1.03125
1.12500
1.09375
1.00781
0.97266
1.03906
1.03125
1.09375
0.97266
1.07031
0.93359
0.87109
0.93359
0.93359
0.91016
1.10156
0.90625
0.91797
1.02344
0.91406
1.10938
1.01953
1.07031
0.97266
0.96875
1.00781
0.99609
1.14062
0.96484
1.00000
1.14062
0.92578
1.10156
1.00781
1.02734
0.96094
0.96094
0.97266
0.94141
0.94141
0.92969
0.84766
0.94531
0.84375
0.95703
0.98828
1.14844
1.02734
1.05078
1.05078
1.08984
1.05859
1.11328
1.19922
1.10547
1.00391
1.02734
0.84766
0.96094
0.94141
1.02734
0.95312
0.88672
0.94141
0.88672
0.83984
0.97656
1.02734
1.03906
1.12500
0.98438
1.02734
0.95312
1.16797
1.01172
1.03516
1.03516
0.88672
0.92188
0.98828
1.07031
1.07031
1.06641
1.07031
1.03516
0.83984
0.92578
0.81641
0.96094
0.98828
0.90234
1.01172
0.91406
1.05469
1.05859
1.11719
1.10547
1.05078
0.84375
0.98438
0.87500
0.93750
1.15234
1.06250
1.09375
1.06641
1.05859
1.01172
1.02344
1.01562
0.98828
0.98828
0.88281
1.00781
0.87500
0.89453
0.92969
0.95312
0.84375
0.90625
0.85547
0.85547
1.01172
1.16016
1.15625
1.09375
1.19141
1.07422
1.05078
1.13672
0.91016
0.98828
0.85156
0.92188
0.86719
0.88281
1.00000
1.05078
0.98828
1.08203
0.94531
0.98438
1.14844
1.03906
1.12109
1.02344
1.00391
0.97266
0.97266
0.94141
1.03516
0.88281
0.92578
0.91406
0.87109
1.02734
1.22266
1.07812
1.11719
1.01562
0.96484
1.08203
1.01953
0.95312
0.96484
0.96484
0.82812
0.79688
0.89453
0.92969
1.05469
0.96875
1.03906
0.92578
1.03516
1.07031
1.07812
1.17188
1.14062
1.06641
0.90625
0.98047
0.92188
1.04297
0.89844
1.00391
0.91016
0.87500
1.07812
1.04297
1.10156
0.94922
0.93359
1.00781
0.96875
1.15625
1.15625
1.03906
1.04297
0.96094
0.91016
0.98047
1.05469
1.07031
0.95312
0.95703
0.86719
0.87500
0.86719
1.06250
0.99219
1.18359
1.05469
0.90625
1.06250
0.98438
1.06250
1.10547
1.00000
1.00000
1.01562
0.96094
1.10547
0.92188
1.04688
0.95312
0.87109
0.91406
0.80859
0.96875
0.98047
1.05859
1.00781
1.01953
1.03906
1.04688
0.96875
1.07812
1.05469
0.93750
0.98438
0.96484
1.00391
1.01172
1.14453
1.00391
1.05469
1.01172
1.03125
0.94922
1.08203
0.98047
0.97266
1.02734
0.82422
1.02344
0.92969
0.99609
0.97266
0.92188
1.00391
1.02734
0.92188
1.04688
1.02734
1.00391
1.11719
1.08594
0.98828
1.05469
1.05469
0.93750
1.00000
0.99609
1.05078
1.01562
1.00391
0.97656
0.97266
0.93359
0.92969
1.04297
0.88281
1.08984
0.87891
0.87109
0.99609
0.92969
0.96094
1.03125
0.99609
1.03125
1.16016
1.05469
1.16406
1.06250
1.06250
1.13281
1.03906
1.05078
1.04688
1.00000
0.93359
0.88281
0.81250
0.81250
0.92969
0.88281
1.05859
1.05859
1.00391
0.90625
1.10156
1.06641
1.06641
1.00781
1.00391
0.96875
0.96875
1.02734
0.95703
1.10547
1.00391
1.01953
0.97266
0.98047
0.98828
1.03906
1.11719
1.03125
1.03516
0.94141
0.94531
1.01562
0.87500
0.91406
0.78516
0.76953
0.88672
0.93359
1.08203
1.08203
1.12109
1.19141
1.13672
1.17578
1.15234
1.27344
1.08984
1.10938
1.00391
0.94141
0.91406
0.83203
0.83203
0.92578
0.77734
0.90234
0.89453
0.93359
0.98047
1.01562
0.97656
1.05859
0.95703
1.01172
1.06250
1.00391
1.14844
0.96094
0.96094
0.96875
0.90234
0.92188
0.98438
1.10938
1.05469
1.15625
1.07422
1.03516
1.13281
0.97266
1.15625
0.94922
0.91016
0.85547
0.75781
0.81250
0.96094
0.91406
1.00391
0.90625
0.82812
0.91797
0.95703
1.14844
1.08203
1.28516
1.17969
1.13672
1.12500
1.12891
1.12891
1.10547
1.08984
1.00000
0.83203
0.72266
0.91016
0.71484
0.98438
0.98828
0.90625
0.94922
0.92188
0.94531
0.94531
0.99609
1.07422
1.07812
1.10156
1.10156
0.97266
1.13281
1.05469
1.06641
1.09375
0.93750
0.93750
0.94922
0.92969
0.95703
1.01562
1.05078
0.89844
1.02734
0.84766
0.95703
0.97656
0.94531
1.00391
0.97266
0.86328
0.86328
0.94141
1.00391
1.09766
1.16406
0.99219
1.13281
1.03125
1.10156
1.23828
1.11328
1.11328
1.21094
1.03125
0.87109
0.82422
0.80078
0.77734
0.99609
0.85547
0.86719
0.88281
0.84375
1.04688
1.04688
1.21875
1.07422
1.20703
1.13281
0.99609
1.05859
1.13672
0.96094
1.11328
0.98828
0.91406
0.96094
0.83203
0.98828
0.96484
1.05078
1.06641
1.02344
0.86328
0.96484
0.85547
0.91016
0.96094
1.02734
0.94531
0.94531
1.02734
0.92578
1.08594
1.11719
1.15625
1.14453
1.11328
0.96875
1.00781
1.03906
1.00781
1.04688
0.96484
0.76562
0.91016
0.77734
0.97656
0.97656
1.05078
1.05078
1.05078
0.91016
0.95703
0.99609
1.08594
1.08594
1.16016
1.24609
0.94922
0.94141
0.94531
0.94531
1.07031
1.11719
1.01172
0.94141
0.80078
0.90234
0.91016
0.96484
1.15625
0.93359
1.05859
0.89844
0.89062
1.04297
1.01953
1.07422
1.05078
0.92578
0.89844
0.95312
0.95703
0.95703
1.21875
0.99609
1.05078
1.05078
0.98828
1.01953
1.05078
1.01562
1.01172
0.92578
0.92578
0.90234
0.90234
0.90625
1.02734
0.91797
0.90625
0.99609
0.99609
1.05078
1.03906
1.12891
1.04297
1.08203
0.98828
1.09375
0.95703
1.06641
1.17578
1.03516
1.06250
0.94922
0.82031
0.61328
0.78516
0.87500
0.87500
1.07422
1.18750
1.05469
1.28516
1.13281
1.07422
1.14453
0.92188
0.89062
0.76172
0.82422
0.90625
0.98047
0.95312
1.15625
0.95312
1.02734
1.08984
1.05078
1.17578
1.05859
1.20703
0.91406
0.94141
1.01562
0.87109
0.94531
1.01953
0.82812
0.90234
0.89453
0.94531
1.07422
1.01953
1.12109
1.01172
1.07812
1.06641
1.16016
1.16016
1.08594
0.98828
0.84766
0.78516
0.87109
0.88672
0.90234
1.06641
0.78906
1.00000
0.97656
0.97656
1.14844
1.26562
1.20703
1.08984
1.03906
0.88672
0.95703
1.03125
1.08984
0.92188
0.91406
0.74609
0.78125
0.87109
0.98438
1.07812
1.05078
1.05469
1.05078
0.92188
1.24609
1.07812
1.09375
1.09375
1.04297
0.87109
0.90625
0.95312
0.94922
0.91797
0.96484
0.94531
0.94922
1.04297
0.93750
1.09766
1.09375
1.11719
1.03516
1.04297
1.08203
0.91797
1.00000
0.96484
0.93359
0.89844
1.04688
0.87500
0.97656
0.98828
0.98828
1.03125
0.92969
1.02734
0.94141
1.05469
1.06250
0.99219
1.05078
0.96875
1.03125
0.94531
0.95312
0.93750
0.93750
1.00000
0.95703
1.03125
0.91797
0.89453
0.93359
1.02734
0.89062
1.03125
1.11719
1.16016
1.23047
1.09375
1.11719
0.90625
0.94531
0.89844
0.87500
0.87500
0.86719
1.01172
0.84766
0.89844
0.99219
0.99219
1.07031
1.06641
1.19922
0.92969
1.05859
1.02734
0.97656
1.03906
0.96094
0.98828
0.94531
0.88672
0.94922
0.87500
0.98828
0.92969
1.02734
0.98438
1.04688
0.96484
1.09766
1.12109
1.05859
1.10547
1.03906
1.02344
0.91797
1.02734
0.83984
0.92188
0.87891
0.92969
1.08984
1.02344
1.01172
1.10547
1.10547
1.05859
1.07812
1.08203
1.14453
0.99219
1.09375
0.96094
0.90234
0.89062
0.97656
0.89062
1.00781
1.03516
1.02344
0.98047
1.08203
0.85547
0.99609
1.03125
0.99219
1.10156
1.05859
1.02344
0.95312
1.03906
0.99609
0.95312
0.91406
0.91406
0.77344
0.94922
0.96094
1.14062
1.11719
1.21094
0.97656
1.01172
1.03906
0.94922
0.93750
1.06250
0.72266
0.83984
0.84766
0.89844
1.07422
1.03906
1.17188
1.07031
1.05469
1.05469
1.05469
1.13281
1.16797
1.03516
1.12891
1.01172
0.91016
0.90234
0.84375
0.81250
0.81250
0.93359
1.02734
0.98828
1.21484
1.05469
1.02344
1.02344
1.02734
0.98047
0.91016
1.02344
1.02344
0.79297
0.95703
1.01953
1.03516
1.14062
1.14453
1.03125
1.11328
0.96094
1.01172
1.01953
0.89844
1.08984
0.85547
0.93750
0.92578
0.92578
0.90234
1.00000
0.95703
0.89062
0.99219
1.04688
1.10156
1.25781
0.90625
1.06250
1.01953
0.91016
1.03125
1.08984
1.03516
1.10547
1.01953
0.94922
1.00000
0.90234
0.97266
0.88672
0.96875
0.91797
0.95703
0.96094
1.01172
0.95703
0.93750
1.00391
0.94141
0.98828
0.96094
1.16406
0.91016
1.05859
1.20312
1.07812
1.16016
1.25000
1.17969
0.94141
0.90234
0.83594
0.73438
0.88672
0.97656
0.97656
0.79297
0.93359
0.85938
1.00000
1.04297
0.99219
1.14062
1.06641
1.11328
1.01562
0.88281
1.15234
0.98438
1.02344
1.06641
0.94531
0.97656
1.03125
1.07031
0.87109
1.05469
1.06641
0.98047
1.03516
1.02734
0.86719
1.02734
0.96484
0.98438
0.95312
0.85938
0.93750
0.85547
0.92969
0.95312
1.07422
1.06250
1.23047
1.09766
1.10938
1.08203
1.06250
1.11328
1.00391
1.10938
0.75781
0.86328
0.92578
0.78125
0.93359
0.97656
1.13672
1.13281
0.95703
0.99609
0.80469
0.91406
0.80859
0.83203
0.96875
0.98828
0.97656
1.23438
1.06641
1.15234
1.19531
1.15625
1.13672
1.00391
1.17188
0.80078
0.93750
0.92578
0.84375
0.95703
0.94922
0.91016
0.87500
0.94141
0.94141
0.94531
1.02344
1.16797
1.05078
1.10156
1.02344
1.02344
1.02344
0.97266
1.10938
1.02734
0.96484
0.99609
0.99219
0.95703
0.92578
1.16797
0.91406
1.12500
1.08594
0.94922
1.00000
0.85547
0.97656
0.97656
0.91406
1.02734
0.87109
0.87109
0.83984
1.02734
0.79688
1.01172
1.01172
1.03906
1.20312
1.27734
1.23438
1.05469
1.06641
1.01562
0.94531
0.97656
0.68359
0.83594
0.89844
0.93750
1.08594
1.14453
1.19922
0.98828
0.92969
0.87891
0.84375
1.27344
1.00000
1.01953
1.00000
0.85938
0.99219
1.05469
1.16797
1.05859
1.00781
0.93359
0.84766
0.87109
1.14062
1.10547
1.15625
1.07422
1.00000
0.89062
0.84375
1.07422
0.84375
0.99609
0.96875
0.80078
0.81250
0.97656
0.95312
1.06641
1.10938
1.09766
1.06250
1.06641
1.23047
1.01172
1.14453
1.10156
0.98438
0.98438
1.04688
0.87109
0.87109
0.79297
0.79688
0.86719
1.15234
0.99609
1.12500
1.13281
1.05859
1.03516
1.14844
1.05078
0.99609
0.92969
0.76953
0.81250
1.09375
0.87500
1.16016
1.14062
0.96094
1.04297
0.98438
0.97656
0.98828
1.00391
1.10547
0.96875
0.90625
1.09375
0.82812
1.02344
1.03125
0.95703
0.94531
0.94531
0.97266
0.86719
1.00391
1.12109
1.12109
1.08203
1.03906
1.21094
0.91797
1.02734
1.04688
1.00000
0.95703
0.98828
0.91406
1.01953
1.03906
0.94922
0.91406
1.12891
0.87500
1.02734
1.03516
0.98047
1.05078
1.02344
1.05469
0.86719
0.94141
0.95703
0.95703
0.93750
1.09375
0.87500
1.03125
1.10547
1.05078
1.02734
1.07422
1.09766
0.89453
1.03125
0.91406
0.84375
0.94531
1.05469
0.86719
1.01953
1.01953
1.02344
1.16406
1.12109
1.09766
0.89453
0.85938
0.87500
0.79297
0.82031
1.05859
0.97656
1.09766
1.15234
1.19141
1.10547
1.10547
1.28125
0.99219
0.99219
0.91406
0.73828
0.76172
0.94922
0.83984
0.96484
0.96484
1.00000
1.05078
1.03125
1.10547
0.92188
1.10156
1.09766
1.09375
1.09375
1.08984
0.91406
0.91406
0.90625
0.90234
0.96094
0.89844
0.87891
1.12109
0.84766
1.07812
1.00000
1.15234
1.15234
1.07812
1.01172
0.98438
0.93359
0.89062
1.01172
0.73828
0.91406
0.94531
0.91016
0.97656
0.98828
1.05078
1.10156
1.10156
1.15625
1.09766
1.03906
1.21484
0.92188
1.03125
1.03125
0.90234
0.86328
0.92188
0.89453
0.76953
0.96094
1.01172
1.03906
1.08594
1.20703
0.91797
1.02734
1.01172
0.92188
0.99609
0.95703
1.01172
0.95312
1.00391
1.05469
1.00781
0.95312
1.17188
0.92578
1.01562
0.99219
0.98047
0.98047
1.14844
0.86719
1.00000
0.85156
0.93359
1.01562
0.82031
1.04688
1.05859
0.98047
1.00391
1.02734
1.12891
1.05859
1.14453
1.07422
0.93750
0.89453
0.97656
0.88672
0.99609
1.06641
1.12109
1.07422
1.09375
0.89453
0.99609
1.00000
0.91797
0.87500
1.00781
0.83594
0.82812
0.90625
0.88672
0.97266
1.05469
1.30859
1.01172
1.19922
1.17578
0.98438
1.19922
1.09766
0.95703
0.99219
0.79688
0.83203
0.78906
0.77344
1.00391
1.03125
1.07031
1.05078
1.11719
1.23438
1.14844
1.04297
1.06641
0.94141
0.88672
0.92578
1.08594
0.82422
1.00781
1.08203
0.96094
1.11719
1.08203
0.93359
1.02734
0.96484
1.07422
1.12891
1.00781
1.12500
0.82812
0.88281
0.82422
0.78125
0.94922
0.96094
0.99219
0.99219
0.89453
1.01562
1.03516
1.11328
1.42188
1.08984
1.12500
1.05078
0.85156
0.96875
0.96484
0.94531
0.87109
0.85938
0.82812
0.80469
0.83984
1.04297
0.98828
1.15625
1.12109
1.10156
1.05469
1.12500
1.22266
1.03125
1.01562
0.97656
0.78516
0.75781
0.98047
0.79688
1.01562
1.01562
1.07031
1.11719
1.13672
1.07422
0.90625
1.01562
1.01172
0.98828
0.91016
1.01953
0.84766
0.96094
1.03516
1.02734
1.01172
0.94922
1.07812
0.86328
0.98828
1.05469
1.03125
1.05859
1.23438
1.01172
1.00781
1.01953
0.93359
0.98828
0.98828
0.94531
0.99219
0.78516
0.87109
0.91016
0.94141
1.00391
1.14062
1.01172
1.01172
1.00391
1.06641
0.98047
1.02344
1.24219
0.89062
0.96875
0.97656
0.92188
0.97266
1.12891
1.02344
0.98828
1.06641
0.97656
0.91016
0.96484
1.13672
0.89844
0.95703
0.92188
0.85156
0.96875
1.10547
1.09375
1.05859
1.05469
0.95703
0.94531
1.13672
0.87109
1.01562
1.02344
0.90625
0.93359
0.96094
0.95703
0.95703
1.03516
1.07422
0.96484
0.91406
1.13281
0.79297
1.02734
1.05859
1.00391
1.20703
1.10938
1.05469
0.88672
0.82422
0.96484
0.94141
0.94141
1.12500
0.91016
1.01953
1.02344
0.95703
0.91797
0.99219
1.14062
1.04688
1.11719
1.07422
0.94141
0.93750
1.15625
0.97656
1.03125
0.95703
0.85547
0.85938
0.95312
0.76562
1.05469
1.16406
1.01172
0.98438
1.07812
0.87891
1.12109
1.21875
1.08594
1.00000
0.91797
0.92578
0.80469
0.84766
0.91797
0.90234
0.94141
1.12109
0.87109
1.02734
1.21094
1.30078
1.30078
1.14062
1.11719
1.11719
0.69531
0.76562
0.83594
0.86328
0.88281
1.04688
0.89844
0.93750
1.01172
0.94531
1.01953
1.05469
1.20703
1.08984
1.13281
1.15234
1.05469
1.04297
1.14453
0.89844
0.89844
0.87891
0.90234
0.91016
1.07031
1.07031
0.82031
0.96484
1.19531
1.04688
1.07812
1.25391
0.99609
1.00391
1.06641
0.95703
0.98047
0.90625
0.94531
0.72266
0.80078
0.85547
0.87500
1.13672
1.19531
1.15234
1.17578
1.17578
1.21094
1.10938
1.13281
1.20703
0.83594
0.90234
0.73828
0.71094
0.74609
0.99219
0.99219
0.92188
1.05078
1.02344
0.86328
1.02344
1.27734
1.04688
1.23828
1.07812
1.12500
1.08203
1.11719
0.98047
0.85156
0.86328
0.65625
0.56250
0.92578
0.70703
1.00000
1.22656
1.11719
1.20312
1.15625
1.17578
1.03125
1.12109
1.13281
0.93359
0.89453
1.02734
0.73828
0.89453
1.03906
0.90625
1.04297
0.98828
0.99219
0.94141
0.98438
1.20703
1.03906
1.03906
1.26172
0.90234
0.94141
0.75781
0.75391
0.78125
0.92188
0.80859
1.16797
1.25391
1.14453
1.12109
1.07031
0.79688
0.92969
0.92969
0.97266
1.00391
1.05469
1.04688
1.24609
1.11719
1.16406
0.91016
0.91016
0.84766
0.84375
0.69141
0.82422
0.82031
0.94531
0.99219
1.16406
0.87500
1.06641
1.21875
1.10938
1.09766
1.24609
1.02344
0.94922
1.07812
1.01172
0.91406
0.90625
1.03906
0.75391
0.85938
0.97266
0.85156
1.00391
1.14453
1.01172
1.06641
1.02344
1.02344
1.01172
0.98438
1.18750
0.86328
0.99219
1.02344
0.95312
1.05469
1.01562
1.01562
1.12500
1.11328
1.08203
1.00781
1.00781
1.18750
0.91797
0.95703
1.05469
0.87109
0.87891
0.97266
0.87109
0.80859
0.88281
0.93750
0.93750
0.89453
1.16016
0.94922
1.07031
1.24219
1.11719
1.10547
1.05859
1.02344
0.94922
1.03125
1.10156
0.96484
0.92578
1.15625
0.76953
0.92188
1.04688
0.91016
0.98828
0.98828
0.96875
0.82031
0.90625
0.91797
0.85547
0.90625
1.09766
1.05469
1.17188
1.15625
1.12109
1.15625
1.24219
1.01562
1.07031
1.11719
1.02734
0.94141
1.08984
0.76562
0.77734
0.96094
0.84375
0.86328
0.96875
1.00391
0.86328
0.86328
1.00000
1.07422
0.89062
0.85547
0.91016
1.05469
1.18359
1.20312
1.19922
1.19922
1.28516
0.96875
0.96875
1.01172
1.05859
0.90234
0.88281
1.02734
0.71875
0.73828
0.90234
0.85938
0.95703
0.95703
1.16406
0.85547
1.05078
1.08984
0.88281
1.01953
1.02344
1.05859
1.08594
1.12109
1.03906
1.03906
0.96094
1.17969
0.78125
0.91406
1.07422
1.00000
1.08203
1.14453
1.00000
0.89453
0.88672
0.82031
0.78906
0.78906
1.05078
0.64844
0.84766
1.07812
0.94531
1.23047
1.45703
1.14844
1.07031
0.92969
0.88281
0.93359
1.12109
0.81250
0.92578
0.96094
0.87891
0.98438
1.14844
1.15625
0.96484
0.92578
0.91016
0.80078
0.84375
1.15625
0.90234
1.00781
1.02344
0.86328
0.98438
1.10938
1.14844
0.98828
1.08594
1.16406
1.04688
1.11328
1.26562
0.90234
1.05859
1.04297
0.95703
0.90625
0.71875
0.82422
0.64062
0.78516
0.99219
0.91406
0.96875
1.32031
1.05078
1.11328
1.21094
1.11719
1.13672
1.18750
1.14062
0.76172
0.86719
0.91406
0.74609
0.92969
1.18750
0.96094
0.98438
1.02344
0.95703
0.94922
1.07031
1.23828
0.92969
1.04688
0.83203
0.83203
1.02344
0.87891
0.92188
0.99219
1.03906
0.97266
1.03516
1.25000
0.95312
1.12500
1.26562
1.01562
1.04297
1.04297
1.07031
0.83984
0.82031
0.96484
0.98047
0.86719
0.85938
0.98438
0.70703
0.94531
1.10156
1.15234
1.32812
1.15625
1.15625
1.02344
1.11328
0.98438
1.00391
1.14062
0.66797
0.82031
0.96094
0.84375
0.97266
1.13281
1.13281
1.06250
1.00391
1.07031
1.00000
0.79297
0.82812
1.11719
1.03516
1.03906
0.88672
1.00781
1.15625
1.16016
1.07422
1.10938
1.03125
0.91797
0.89453
1.06250
0.79297
0.94531
1.09766
0.96094
0.93359
1.06250
1.05859
0.88672
1.00391
1.10938
1.10938
0.90625
0.90234
1.16016
0.89062
1.08594
1.19531
1.07422
1.05078
1.08594
1.08594
1.02344
0.79297
0.91797
0.98828
0.93750
0.96484
1.10547
0.75391
0.84375
1.03516
1.03906
1.08594
1.12500
0.85156
0.98438
1.09375
0.93750
0.93750
0.98438
1.18359
0.83203
1.00391
1.00391
0.89844
1.02734
1.02734
1.23438
0.96484
1.13281
0.85938
0.86328
1.07422
0.76562
0.84375
0.98438
1.00000
1.00781
1.12500
1.24219
0.83984
1.05859
1.13281
1.13281
0.92578
0.95703
1.04688
0.89844
0.95312
1.06641
1.06641
0.97656
1.02734
1.24219
0.82812
0.98828
1.01172
0.97266
0.97266
0.96484
0.88672
0.96094
0.96094
0.99609
0.93750
1.01562
1.19922
1.01172
1.01172
1.09766
0.94141
1.23047
1.07031
0.98438
0.97656
0.98828
0.81641
0.84375
1.18359
0.79297
1.02344
1.12109
0.85156
0.96484
1.08594
1.00000
0.95703
1.06641
1.05078
0.89844
0.92578
1.07422
0.84766
1.06250
1.11328
1.03906
0.98828
1.00391
1.05078
0.89062
1.15234
1.23438
0.96875
1.03516
1.17188
0.74609
0.82031
0.95312
0.77344
0.86719
0.98438
1.02344
0.89844
1.04297
1.08203
0.94141
1.03516
1.28516
0.98828
1.12500
1.14453
0.94531
1.00000
1.01562
1.09375
0.85938
0.99219
0.93359
0.69531
0.86328
0.89844
0.89844
1.10547
1.16016
1.00391
0.94922
1.00781
1.09375
0.79688
1.07422
0.88672
0.94141
0.98438
0.81250
0.90234
1.01172
1.11328
1.05469
1.17969
1.30078
0.98438
0.98438
1.20703
0.98047
1.01562
1.06641
0.74219
0.68359
0.77344
0.75000
0.76172
0.89453
1.19141
0.86719
1.14844
1.26172
0.95703
1.16016
1.33594
1.13281
1.13281
1.05859
0.98828
0.88672
0.79688
0.87891
1.12500
0.83203
0.98828
1.04688
0.84375
0.92188
0.99609
1.01562
1.16016
1.03906
0.85938
0.88672
0.88672
1.04688
0.69922
0.95312
1.08984
0.82031
0.96094
1.13281
1.10156
1.04688
1.28125
1.26172
1.02344
1.14453
0.77344
1.00781
1.01172
0.89062
0.89062
0.88281
0.94922
0.85938
0.69922
0.94141
1.03516
0.93359
1.16797
1.36719
0.85547
0.96484
1.04688
0.85156
0.99609
1.16797
1.06641
1.06641
0.83594
0.95703
0.90234
1.16406
1.30859
0.94922
1.02344
0.95703
0.91016
0.95703
1.08984
1.14062
0.85547
0.85547
0.92188
0.89453
0.60938
0.78125
1.12500
0.85938
1.16797
1.16797
0.97656
1.01562
1.10547
1.21484
1.03125
1.27734
1.25391
0.89062
0.99219
1.00000
0.68750
0.82422
1.01953
0.98047
0.95312
1.03516
1.05469
0.86719
1.07422
1.10547
0.85547
0.89453
1.05469
0.86328
1.04297
1.10938
1.10938
1.05469
1.01562
1.03906
1.19141
0.82031
1.12891
0.85547
1.03516
1.15625
1.15625
0.87500
0.91797
1.00781
0.94141
0.91016
1.05078
1.10938
0.75391
1.04688
1.03516
0.78125
0.96875
0.96094
0.87109
0.98047
0.98438
1.06641
1.06641
1.02344
1.19922
1.45312
1.07812
1.27734
1.10156
0.76172
0.91016
0.94922
0.73828
0.77734
0.97266
0.97656
0.88672
0.97656
1.16797
0.86719
1.01562
1.10156
0.91016
0.96875
1.11719
1.05859
1.02734
1.08594
1.13672
0.96875
1.04297
1.16406
0.73438
0.89062
1.00000
0.84766
0.99609
1.10938
1.04297
0.86328
1.10547
1.10938
0.87109
1.06641
0.74609
0.99609
1.03516
0.84766
0.91406
1.03906
1.03906
0.99609
1.08594
1.08594
1.08984
0.95703
1.21875
1.34766
1.10547
1.12109
0.87891
0.89844
0.89844
1.05859
0.93750
0.69141
0.98828
0.74609
0.96875
0.96875
1.08984
0.83594
1.04297
1.12109
0.96094
0.93359
1.08203
1.08203
1.21094
0.99609
1.17969
1.11328
0.78516
1.02734
1.21484
0.92578
1.01562
1.05469
0.85938
0.85547
0.98828
1.03906
0.77344
1.03516
1.06250
0.71484
0.91406
1.12891
0.87500
1.06250
1.11328
0.94922
0.87500
1.17969
1.17969
0.98828
1.23047
1.16797
0.92969
1.00781
1.08203
0.89062
0.91406
1.24219
1.01562
0.86719
1.01172
0.98047
0.71094
1.00000
1.14453
0.85547
0.89062
1.05078
0.85938
0.92188
1.07812
1.12891
1.00391
1.06250
1.18750
0.80859
1.06250
1.11328
0.96484
1.13672
1.15625
0.96484
0.85547
1.00000
1.01562
0.86328
1.04297
1.08984
0.65625
0.94141
0.97656
0.80469
0.98828
1.09766
1.03906
0.92188
1.09766
1.05859
0.87500
1.16016
1.21484
0.88672
1.14453
1.07031
0.86719
0.97656
1.05469
0.78125
1.11719
1.00781
0.78125
1.01172
1.13672
0.78516
1.02734
1.10547
0.89844
0.99219
0.99219
1.12500
1.06250
0.90625
1.03906
1.02734
0.87891
1.07031
1.08203
0.83984
1.08594
1.08594
1.04297
1.11328
1.14844
0.94531
1.03125
1.05078
0.78125
1.16406
1.12500
0.80078
0.96875
0.95703
0.86328
1.01562
0.98047
0.67578
1.16797
1.09375
0.75000
1.10547
1.17578
0.87109
1.05469
1.10547
1.00391
1.01562
1.07422
1.30859
0.83203
0.92578
1.28516
0.94531
1.02344
0.92969
0.82422
0.93750
0.82031
0.95312
0.95703
1.10547
1.02344
0.92578
1.10547
1.00000
1.13672
1.16406
0.94141
1.12500
1.13281
0.83594
1.21484
0.86328
1.13672
0.92188
0.92969
0.92188
0.92188
0.80078
0.98438
0.89062
1.01172
1.01172
0.95312
1.00000
1.15625
1.12109
1.12109
1.09375
0.98438
0.99219
0.99219
0.95703
1.02344
0.96484
0.97656
1.01562
0.98828
1.01172
1.01562
1.00391
0.99219
0.99219
0.98047
0.99219
1.02344
1.04688
1.03125
0.96484
0.94922
0.91797
0.90234
0.89844
0.89453
0.94531
0.99609
1.01953
1.06250
1.09766
1.10156
1.11328
1.10156
1.07422
1.03516
0.99219
0.96484
0.92188
0.92188
0.91406
0.91797
0.91016
0.93359
0.96484
0.98828
1.00781
1.01953
1.03516
1.02734
1.02734
1.03125
1.05078
1.04297
1.03125
1.03125
1.01172
0.98438
1.01172
1.02344
1.03125
1.00781
1.00000
1.00000
0.99219
0.99219
0.97656
0.97656
0.97266
0.96875
0.97266
0.98047
1.00000
1.01953
1.01172
1.01953
1.01562
1.02734
1.04297
1.05859
1.05469
1.03125
1.01953
1.00391
0.98438
0.98438
0.97656
0.96094
0.93750
0.94531
0.96094
0.97656
0.98438
0.98828
1.00000
0.99219
0.98438
1.00391
1.00391
1.00781
1.01172
1.01562
1.02344
1.02344
1.03125
1.03125
1.01172
1.01172
1.02344
1.00000
1.00000
0.98047
0.97656
0.97656
0.97266
0.96875
0.98438
0.98438
0.98438
0.98047
0.98438
1.00391
0.99219
1.00781
1.01562
1.01953
1.01562
1.04297
1.03906
1.03516
1.03125
1.02734
1.01172
1.01172
1.00391
1.00391
0.98438
0.96875
0.98047
0.97656
0.97266
0.98047
0.97656
0.96875
0.98047
1.00391
1.00781
1.00781
1.01953
1.03516
1.02734
1.02734
1.01953
1.01562
1.01172
1.00781
1.02344
1.01172
1.00000
0.99219
0.98438
0.98047
0.97266
0.97656
0.98047
0.98828
0.98828
0.97656
0.98828
0.98828
0.98828
1.00391
0.98828
0.98828
1.00000
1.01172
1.00781
1.01172
1.01953
1.00391
1.01562
1.01953
1.01172
0.99609
1.00000
1.00000
0.99609
0.98828
1.00000
1.00391
0.98828
0.99219
0.99219
1.00000
0.99219
0.98828
0.99219
0.99219
0.99219
1.01562
1.02344
1.01172
1.02344
1.01953
1.02344
1.02344
1.02344
1.01562
1.00781
1.00391
1.00391
0.98828
0.98828
0.97266
0.96875
0.97656
0.98047
0.99609
0.99609
0.99609
1.00000
1.01172
1.02734
1.00781
1.01172
1.01953
1.00781
0.98828
0.99219
0.99609
0.98828
0.99219
0.98828
0.98047
0.98438
0.99219
1.00781
1.00000
0.99609
0.98828
1.00000
0.98438
0.98828
1.00000
0.98438
0.99609
1.00391
1.00000
0.99609
1.00000
1.01562
1.01562
1.00000
1.00781
1.00781
1.00781
0.99609
0.99609
0.98828
0.98828
1.00000
1.00000
0.99609
0.98828
0.98828
1.00781
1.00000
1.01562
1.01953
1.01172
0.99609
1.01562
1.01172
1.00000
1.01172
1.00391
1.00000
0.99219
1.01562
1.01562
1.00000
1.00391
0.99609
0.99219
0.99609
0.99219
0.99219
1.00391
0.98828
0.98828
0.98828
0.99609
1.00000
0.99609
1.01172
0.99609
0.99219
1.01172
0.99609
0.98828
0.99609
1.00000
0.99609
1.00000
1.00391
1.00000
0.99219
1.00391
0.99219
0.98828
0.99219
1.00000
1.00000
0.98828
0.98438
1.00000
1.00391
1.01172
1.01172
1.00000
0.99219
0.99609
1.00391
0.99609
0.99609
1.00000
0.99609
0.99219
0.98828
1.00391
1.00391
1.01172
1.01172
1.00781
1.00000
1.00391
1.02344
1.00391
0.99609
0.99609
1.00391
1.00000
1.00781
0.99609
1.00000
1.00391
1.01172
1.00000
1.00391
1.02344
1.00391
0.99219
1.00000
1.01172
1.00000
0.99609
0.99609
0.99609
0.99219
1.00000
1.00391
0.99219
0.98828
0.99609
1.00781
0.99609
1.00391
1.00781
1.00000
0.99219
0.99219
0.99219
0.99219
0.99609
0.99609
0.98438
0.98438
0.99219
1.00781
1.00000
1.00781
1.01562
1.00000
0.99219
0.99609
1.00391
0.99609
0.99219
0.98438
0.99219
1.00000
0.99219
1.01172
1.00000
1.00781
1.00391
0.99609
0.99609
0.99609
1.00391
1.00391
0.98828
0.99609
1.00391
1.00391
1.00000
1.01562
1.01953
1.01953
1.00781
1.00391
0.99609
0.99609
1.01172
1.00781
0.99609
0.98828
1.00391
0.99609
0.99609
0.99609
0.99609
0.99609
1.01172
1.00391
0.98828
0.98828
1.00391
1.00781
1.00781
0.99219
0.99219
1.00000
1.00781
1.01562
1.01562
1.00391
0.98047
0.99609
1.00000
1.00000
0.99609
0.98438
0.98828
0.99219
1.00391
0.99609
0.99609
0.99609
1.00781
0.98438
0.98047
0.99219
1.00391
1.00391
0.99609
0.98828
1.00000
1.00000
1.01172
1.01953
0.99609
1.00781
1.00000
1.00000
0.98438
0.98438
1.00000
0.99609
0.99219
0.99219
1.00000
0.99219
1.00391
1.01953
1.01562
1.01562
1.00781
1.01953
1.01562
1.00781
1.00391
1.00391
1.00000
1.00000
0.99219
0.99219
0.97656
0.99219
0.99219
1.02344
1.03906
1.03516
1.03516
1.00000
0.98438
0.98828
0.98438
1.00000
1.00781
1.00781
0.98438
0.98828
1.01172
1.00781
0.99609
0.98828
0.99219
0.97656
0.98438
0.99609
1.01172
0.99609
0.98828
0.98828
0.96875
0.98438
0.99609
1.00000
0.98828
1.00000
1.00781
1.01172
1.02344
1.02734
1.02344
1.00391
0.98828
0.99609
0.99609
0.99219
0.98047
0.97266
0.97266
0.99609
0.99609
1.00391
1.00000
1.00391
1.01172
1.00000
1.00391
1.01172
1.01172
1.00000
0.98438
0.99219
1.00391
1.00391
1.00781
0.99219
0.99609
1.01172
1.01562
1.01172
1.00781
1.00781
0.99219
0.98828
1.00391
1.00000
0.99219
0.99219
1.00000
0.98047
0.98438
1.00000
1.00000
1.02344
1.01953
1.01562
1.00000
0.99219
1.01172
1.01172
