1.00781
1.00781
1.01172
1.00391
1.00000
0.99609
0.99219
0.99219
0.98438
1.00000
1.00781
1.00000
0.99219
1.00000
1.00781
1.01172
1.00391
1.00391
0.99609
0.99219
0.99219
1.00000
0.98828
0.99609
1.01562
1.00000
0.99219
1.01172
1.01172
1.00781
1.00781
1.00781
1.00391
1.01172
0.99609
1.00000
1.00000
0.98828
0.98047
1.00000
0.99219
1.00000
1.00391
1.00391
0.99219
1.00000
1.01172
1.00000
0.98828
0.99219
0.99219
0.99609
1.00000
1.01172
1.00391
1.00391
1.00000
1.00781
1.01562
1.00781
1.00000
0.99609
0.98047
0.99219
1.00391
1.00391
1.00000
0.98828
1.00000
1.00000
0.99219
1.00000
1.00781
0.99609
0.99609
0.99219
0.99219
1.00000
1.00391
1.00781
1.00781
1.00000
1.00000
1.00391
1.00391
0.99219
0.99219
0.99219
0.99609
0.99219
0.99219
0.99219
1.00781
1.00391
1.00000
0.99219
1.00781
1.01172
1.00391
1.01172
1.00000
0.99609
0.99219
0.98438
0.98828
1.00000
1.00781
1.00781
0.99609
0.99609
0.99609
1.01172
1.00391
1.00391
1.00391
1.00391
0.99609
0.98828
1.00000
1.00391
0.99219
1.00781
1.00000
1.00781
1.00000
1.00391
1.00391
1.00391
1.00000
1.00391
0.98438
0.99219
1.00781
1.00781
1.00000
1.00391
1.00000
0.99219
0.99609
1.01172
1.00000
0.99609
1.00000
0.99219
0.98828
0.99219
1.00000
1.00391
1.00000
1.00781
0.99609
0.98828
1.00391
1.00391
1.00000
0.99219
0.99219
1.00000
0.99609
0.99609
1.00000
0.99219
1.00781
1.00000
1.00781
0.99609
1.01172
1.01172
1.00000
0.98828
1.00000
1.00000
0.98047
0.99219
1.01172
1.00781
1.00781
1.00391
0.99609
0.99609
0.99609
1.00391
1.00391
0.99219
1.00000
1.00391
0.99609
0.98828
0.99609
1.00391
1.00781
1.01172
1.00000
1.00391
1.00391
1.00391
0.99609
1.00000
0.99219
0.98828
0.99219
1.00000
1.01172
1.01172
1.00391
1.00000
1.00391
0.99219
1.00000
1.00000
1.00391
1.00000
0.99609
1.00000
0.99219
1.00391
1.00391
1.00781
1.00781
1.00391
1.00000
1.00000
0.99219
0.99219
1.00000
0.99609
0.99609
0.99609
0.99219
0.98828
0.99219
1.00000
1.00781
1.01172
1.00781
1.00000
1.00391
0.98828
1.00781
1.00391
0.98438
1.00000
0.98828
0.99219
0.99219
1.00000
1.01562
1.00781
1.00000
1.00781
0.99219
0.99219
1.00391
1.00391
0.98828
1.00391
0.99219
0.99219
0.98828
0.98828
1.00000
1.02344
1.01172
1.00781
1.01172
1.00000
0.99219
0.99219
0.99219
0.99609
0.99609
0.99219
0.98828
0.99609
1.01953
1.00391
1.00391
1.00000
1.00000
0.99609
0.99609
0.99609
0.99219
1.00000
1.00000
0.99219
0.99219
0.98828
0.99219
1.01562
1.01172
1.00781
1.00781
1.00391
1.00000
0.98438
0.98828
1.00000
1.00781
0.99219
1.00000
0.99609
1.00391
1.01172
1.01562
1.01172
1.01172
1.00391
0.99219
0.97656
0.98047
0.99219
0.99609
0.98828
0.99219
1.00000
1.00781
1.00000
1.01172
1.00781
0.99219
0.99609
0.98828
0.98828
1.00000
1.01172
1.00391
0.99609
0.98828
1.00391
1.00000
1.00391
1.01172
1.00391
0.99609
0.98828
1.00000
0.99219
0.98438
0.98438
1.01172
1.01172
0.99609
0.99609
1.00781
1.01172
1.00000
1.00391
1.00781
1.00391
0.99609
1.00000
1.00391
0.98828
0.98828
1.00391
0.99609
0.99219
0.99609
1.00391
1.00000
1.00000
1.00000
1.01562
1.00391
0.99609
0.99219
0.98438
1.00000
1.00000
1.01172
1.00000
0.99219
1.01172
1.00391
1.01172
1.00391
1.00000
0.97656
0.98047
0.98828
0.99219
1.01562
1.01172
1.00781
0.99219
0.99609
1.00781
1.00781
0.98828
1.00000
1.00391
0.99219
0.99609
1.00391
1.00000
1.00781
1.00781
0.99609
1.00781
0.99609
0.99609
0.99609
0.99219
0.99219
1.00000
1.00781
0.99219
0.98828
0.99609
0.99609
1.00781
1.02734
1.01953
1.00391
1.06641
0.96875
0.96875
0.90625
1.09375
0.98828
1.02344
1.16406
0.85547
1.09766
0.87500
0.93750
1.16016
0.87891
0.98047
1.00391
0.99219
0.99609
0.92969
1.05469
0.93359
1.12500
0.96484
1.10938
0.76953
1.27734
0.97656
0.83203
1.28516
0.88281
0.91797
1.24609
0.91797
0.72656
1.24219
0.76953
0.75391
1.53125
0.30859
1.01562
1.79297
0.08594
1.62109
1.21094
0.01562
2.29297
0.46484
0.83594
2.11719
-0.38672
1.03125
-0.02344
2.27734
2.27734
1.09766
1.62109
-0.19531
1.98438
0.44141
0.72656
1.97656
0.05078
1.80078
0.98047
0.36719
2.08203
2.08203
0.12500
1.32031
1.59766
-0.12500
2.08984
0.50000
0.51562
2.14844
-0.33984
1.64844
1.33984
-0.10547
2.25000
0.03516
0.80859
1.94141
-0.15234
2.02734
0.77344
0.39062
2.04297
0.05078
1.42578
1.27734
0.26172
2.06250
0.46484
0.93359
1.58594
-0.02344
1.82422
0.91016
0.35156
2.01562
-0.10938
1.22656
1.57422
-0.17578
2.16797
0.55078
0.70703
1.93750
1.68750
1.10156
0.37109
2.04297
0.24609
1.15234
1.42578
1.80078
0.57812
0.64844
1.82031
-0.06641
1.60156
1.16797
0.08984
2.19531
0.31250
0.98828
1.84375
-0.07422
1.95312
0.77344
0.31641
1.95312
0.00000
1.36719
1.36328
1.36328
0.16406
1.89453
0.52344
0.95703
1.72266
0.15625
1.66797
0.88281
0.47656
1.82422
0.04688
1.27344
1.48828
0.01562
2.01953
0.50391
0.62500
0.62500
2.05469
-0.06641
1.75781
1.19141
0.09766
2.12500
0.14844
1.03516
1.74609
1.86719
0.75391
0.75391
0.51172
1.75000
0.04297
1.18750
0.40234
1.94922
0.27344
0.99609
1.67188
-0.04297
-0.04297
1.85156
0.82031
0.37109
2.07812
-0.01953
1.40625
1.50000
0.04688
2.19531
0.54688
0.81250
1.78906
-0.13281
1.66406
0.94141
0.33984
0.33984
1.82422
0.08984
1.17188
1.37500
0.03125
1.87109
0.51172
1.96094
0.04297
1.70703
1.23438
0.41406
2.16406
0.33984
1.13281
1.58203
-0.17578
1.78906
0.57812
0.48438
1.85547
-0.12109
1.46484
1.25781
0.21094
2.01172
0.44141
0.97656
1.72656
0.08984
1.71875
0.83984
0.45703
1.92188
0.14844
1.27734
1.46484
0.04688
2.00391
0.79688
2.04688
-0.17188
1.64062
1.14062
0.06250
2.14844
0.07031
0.07031
0.95703
-0.30469
-0.30469
1.83984
0.59375
0.49219
2.12500
0.03516
1.75781
1.36328
0.24219
2.22266
0.25000
1.10938
1.73438
-0.39453
1.76953
0.61719
0.25781
2.18359
0.03906
1.46094
1.62109
0.04297
2.04688
0.41406
0.71484
1.85938
-0.11328
1.60156
0.89062
0.27734
2.02344
0.28906
1.39844
1.58984
0.01172
2.04688
0.77344
2.07812
-0.15234
-0.15234
1.68750
0.07031
2.03906
0.09375
0.99609
1.65234
-0.07812
1.78125
0.58203
0.51562
1.91797
0.08203
1.61719
1.28516
0.21094
2.07812
0.32812
0.97266
-0.14844
1.94922
0.90234
0.43359
0.43359
2.25000
-0.03516
1.44141
1.46484
1.88281
0.23047
0.64453
0.64453
-0.12109
1.71875
0.95703
0.41406
0.41406
2.03906
0.17578
1.40234
0.17188
1.97266
0.53125
0.53125
1.85547
1.85547
-0.01562
1.06250
0.20312
2.09375
0.15234
0.93359
1.66406
-0.18359
1.81250
0.73438
0.31641
1.97266
-0.00781
1.37891
1.38672
0.23047
0.23047
2.04688
0.45703
0.97656
1.63672
0.05078
1.76172
0.81641
0.61719
2.01562
0.20703
1.49219
1.44531
1.44531
2.06250
0.42188
0.63672
1.76953
-0.28516
1.60547
0.96094
0.10938
2.01172
0.09766
1.14062
1.56641
-0.00781
1.96875
0.65625
0.82422
1.96484
0.12891
1.67969
1.15625
0.37500
1.97266
0.24609
1.00781
1.53125
-0.07812
1.73438
0.67188
0.43750
1.92969
0.12500
1.28516
0.09766
1.88281
0.47656
0.88281
1.64844
0.11328
1.80078
1.03516
0.67188
2.07812
0.40625
1.41016
1.42578
0.09766
1.72266
0.41406
1.60156
-0.06641
-0.06641
1.40625
0.94922
0.35156
2.01953
1.15625
1.53125
0.09375
1.89844
0.73828
0.65625
1.87109
0.12500
1.58594
1.29688
0.29688
1.98047
0.35156
0.91016
1.58984
-0.11328
1.66016
0.80078
0.41016
1.93750
0.09766
1.32422
1.32812
0.15234
1.98438
0.58984
0.97266
1.74609
0.14062
1.69922
1.00000
0.49219
1.82422
0.18750
1.16016
1.29688
0.06641
1.74219
0.57031
0.72266
1.79297
1.50391
1.05859
0.34766
0.34766
1.96094
0.38281
1.10547
1.49219
-0.00391
1.83203
0.79297
0.65234
1.93750
0.10938
1.40234
1.37500
0.25391
1.86328
0.44922
0.76953
1.50000
-0.00391
1.55469
0.88672
0.52734
2.00000
0.37500
1.42578
1.54297
0.23828
1.98828
0.56641
0.82031
1.65234
-0.18750
1.51953
0.88672
0.27734
1.81250
0.22266
1.15625
1.52344
0.23828
1.78125
0.72656
0.86328
1.79688
0.17969
1.50781
1.06641
1.92188
0.38281
0.93750
1.55859
-0.02734
1.76562
0.83984
0.53516
1.90625
0.15625
1.31641
1.39844
0.21094
1.80859
0.51172
0.89844
1.62500
0.21094
1.66406
0.91797
0.55469
1.92969
0.37500
1.31641
1.31250
0.07422
1.72656
0.50781
0.61719
1.64453
-0.05859
1.46484
1.18750
0.31641
2.01562
0.47266
1.66797
0.21094
1.72656
0.65234
0.62109
1.75391
0.15625
1.42969
0.27344
1.78906
0.44531
0.97266
1.49219
0.15234
1.69531
0.87109
0.58984
1.85547
0.21484
1.32422
1.42969
0.25781
1.87500
0.47656
0.75781
1.71484
0.05469
1.62109
1.07812
0.39062
1.90234
0.22656
1.06250
1.42188
0.04688
1.78516
0.65234
0.71875
1.76172
1.49609
1.20312
0.50000
1.80078
1.80078
1.00781
1.44922
0.14453
1.67969
0.76562
0.65234
1.90234
0.15625
1.37500
1.29297
0.22656
1.96484
0.58594
0.97266
1.64062
0.00000
1.62891
0.90625
0.55469
1.78906
0.09375
1.21094
1.21094
1.20312
0.08984
1.80859
0.57812
0.92188
1.87500
0.17969
1.64062
0.52734
0.52734
2.00000
0.36328
1.39453
-0.08203
1.62109
0.57031
0.56250
1.73828
0.07422
1.39062
1.15625
0.29297
1.87500
0.57031
1.14062
1.66406
0.19922
1.60938
0.76172
0.65625
0.65625
1.89844
0.31250
1.32812
1.21484
0.26172
1.88672
0.64453
1.01953
1.63672
0.05859
1.43359
0.74219
0.28906
1.73438
0.14844
1.18359
1.50781
0.10938
0.75781
0.89844
1.92969
0.25781
1.53125
1.01562
0.40625
1.83984
0.37891
1.11328
1.41406
0.02344
0.61719
0.56641
1.74219
0.21875
1.43359
1.25000
0.29297
1.82812
0.48438
1.05078
1.75000
0.24609
1.63672
0.85938
0.56250
1.92969
0.35156
1.39844
1.31641
0.08984
1.71875
0.42578
1.69922
0.11328
1.54297
0.95312
0.95312
1.72656
0.35938
1.25781
1.53906
0.18359
1.69141
0.52734
0.64844
1.86328
0.31641
1.65234
1.65234
1.23828
0.28906
1.90234
0.33594
1.05078
1.64062
0.03906
1.76562
0.72656
0.49609
1.61328
-0.01172
1.22656
1.10938
0.33594
0.54688
0.54688
1.16406
1.82812
0.37500
1.79297
1.07031
0.55469
0.19922
1.10938
1.19531
-0.04688
1.76953
0.53125
0.77344
1.84766
-0.06250
1.54297
1.12500
1.12500
0.31641
1.92188
0.29688
1.15234
1.60938
0.12891
1.83203
0.67578
0.66406
1.77734
0.11328
1.45703
1.04688
0.17188
1.88281
0.44922
1.08984
1.68750
0.24609
1.81250
0.93359
0.66406
1.71094
0.16406
1.23828
1.14453
0.16016
1.66016
0.43750
0.88672
0.25000
1.65234
1.03516
0.52344
1.83203
0.21094
1.18750
1.18750
1.42969
0.15234
1.88672
0.64453
0.72266
1.70312
0.03516
1.46875
1.10156
0.37891
1.86719
0.40625
1.09375
1.53516
0.10938
1.61328
0.66406
0.50000
1.76172
0.12891
1.32422
1.26562
0.33594
1.94141
0.62891
1.12891
1.79688
0.27344
1.81641
0.93359
0.56250
1.75391
0.20703
1.19922
1.15625
0.06641
1.49609
0.41016
0.74219
1.59375
0.19922
1.53125
1.06641
0.55469
1.98828
0.47266
1.35547
1.56641
0.19531
1.82812
0.69141
0.76172
1.79297
0.10938
1.41797
0.94531
0.10938
1.50781
0.22266
0.94922
1.45703
0.17969
0.82812
0.82812
0.80859
0.56250
1.58984
1.41016
0.61719
1.78516
0.57422
0.95703
1.30469
0.03906
1.41016
0.73828
0.44531
1.74219
1.74219
1.47266
1.83203
1.83203
0.64844
0.71875
1.66406
0.18750
1.49609
1.07812
0.44922
1.74609
0.32422
1.12891
1.51953
1.51953
1.80078
0.84375
0.71094
1.63281
0.20312
1.34766
1.03125
0.30859
1.62500
0.27734
0.85156
1.43750
0.28516
1.77344
1.04688
0.84375
1.92578
0.47656
1.30859
1.18750
0.31641
1.75781
0.55469
0.82812
1.42188
0.04297
1.36328
0.92578
0.55078
0.44141
1.29688
1.41406
0.37109
0.37109
1.70312
0.78125
1.62500
0.22266
1.28125
0.94922
0.30859
1.72656
0.44531
1.01562
1.53906
1.53906
0.27344
1.70703
0.91016
0.77344
1.85938
0.31641
1.44141
1.25000
1.69922
0.46094
0.86719
1.45312
0.20312
1.42188
0.85156
0.52734
0.52734
1.71094
0.37109
1.35938
0.35547
1.78906
0.76172
0.92188
1.68359
0.30859
1.48438
1.00000
0.35938
1.52344
0.26953
1.01562
1.35547
0.19141
1.71875
0.85938
0.83594
1.80078
0.38281
1.40234
1.19141
0.35938
1.67188
0.47266
0.90625
1.31250
0.12891
1.44531
0.78906
0.62891
1.76953
0.41016
1.43359
1.46484
0.53516
1.83984
0.72266
1.02734
1.57422
0.19141
1.34766
0.71484
0.33203
1.53125
0.29297
1.10938
1.24609
0.33594
1.75000
0.87109
0.98047
1.65234
0.46484
1.57812
1.12500
0.55469
1.60938
0.30078
0.94141
1.21484
0.14844
1.52734
0.70312
0.70312
0.33594
1.41016
1.41016
1.30859
0.50781
1.92578
0.59766
0.95312
1.35156
0.03906
1.57422
0.81250
0.62500
1.68359
0.18750
1.26172
1.20312
0.39844
1.85547
0.79688
1.11719
1.69141
0.28516
1.38281
0.82031
0.41016
1.60938
0.37109
1.10938
1.18359
0.17578
1.67969
0.71094
0.86328
1.76562
0.29688
1.51953
1.12500
0.37500
1.75781
0.39062
1.06641
1.45703
0.16016
1.51562
0.63672
0.57031
1.76562
0.63672
1.74219
1.44531
0.62500
1.61328
0.35156
0.81250
1.12500
0.03906
1.47656
0.76562
0.56641
1.82031
0.39844
1.43359
1.62109
0.35547
1.71875
0.55078
0.69531
1.60938
0.23828
0.23828
1.03516
0.39453
1.72266
0.40234
1.09375
1.44141
0.28516
1.72266
0.80078
0.82031
1.62500
0.37500
1.47266
1.08984
0.41016
1.55469
0.33203
0.97266
1.38672
0.26562
1.60938
0.87500
0.70703
1.84766
0.47266
1.40625
1.34766
0.32812
1.67578
0.41016
0.76953
1.41797
0.08203
1.53125
0.86328
0.46875
1.74219
0.46094
1.51172
1.64062
0.48828
1.64062
0.51953
0.68750
1.41406
0.20312
1.37109
0.91016
0.40625
0.38672
0.38672
1.23047
1.59766
0.36719
1.82812
0.73047
0.72266
1.74609
0.23438
1.50000
1.17969
0.27734
1.64062
0.25000
0.87109
1.50781
0.29688
1.67188
0.90234
0.63281
1.75391
0.32031
1.39844
1.35547
0.32422
1.84375
0.50781
0.70703
1.48047
1.48047
0.02734
0.99219
0.41406
1.76172
0.28516
1.27344
1.52734
0.34766
1.84766
0.69922
0.79297
1.72656
0.23047
1.43359
1.04297
0.42969
1.69141
0.41797
1.03125
1.26562
0.27344
0.27344
1.57812
0.78125
1.58203
0.30859
1.37500
1.35938
0.53516
1.76953
0.58203
1.05469
1.63672
0.31641
1.69922
1.69922
0.82031
0.44531
1.69922
0.09766
1.12500
1.25391
0.18359
1.69922
0.59375
0.70703
1.41406
0.19922
1.57031
1.21094
0.77734
0.54297
1.26172
1.43750
0.22656
1.59375
1.59375
0.60156
1.51562
0.08984
1.27734
1.01562
0.35547
1.90234
0.57031
1.17188
1.62109
0.33984
1.66016
0.87109
0.72266
1.58203
0.42969
1.39844
1.15234
0.52344
1.42969
0.40625
0.92969
0.92969
1.43359
0.36328
1.48828
0.80469
0.41406
1.64453
0.33984
1.47266
0.26562
1.83984
0.60547
0.64062
1.68359
0.25000
1.77734
1.35938
0.61328
1.60156
0.23828
0.90625
1.08203
0.30078
1.49609
0.58984
0.80469
0.80469
0.48438
1.51953
1.37500
0.74219
0.74219
1.78906
0.60156
0.91797
1.32031
0.22656
1.64453
0.93750
0.49609
1.58984
0.15625
1.15625
1.28516
0.26562
1.71094
0.55469
0.87891
1.58203
0.19922
1.51562
0.96094
0.62109
1.79297
0.50781
1.27344
1.25000
0.39844
1.69531
0.71484
0.87891
1.48047
0.25781
1.35156
0.90234
0.35156
1.59766
0.36328
1.55078
0.27734
1.57812
0.82031
0.78125
1.87500
0.44922
1.48047
1.19141
0.38281
1.76172
0.94922
1.33984
0.12109
1.43359
0.72656
0.55859
1.57812
0.38672
1.41016
1.32812
0.46875
1.67969
0.58984
1.03516
1.60938
0.39453
1.57031
0.88281
0.55078
1.67188
0.39062
1.21094
1.25391
0.20312
1.49609
0.46484
0.63672
1.50781
0.29297
1.51562
1.23828
0.58203
0.60938
1.26562
1.26562
1.59766
0.39844
1.67969
0.72656
0.65625
0.20312
0.20312
1.16016
0.96875
0.19922
1.54688
0.46094
0.91797
1.57031
0.48047
1.76172
1.12500
0.78125
1.69922
0.37109
1.24609
1.16016
0.19141
0.19141
1.59766
0.48047
0.76953
1.55078
0.12500
1.41797
1.04688
0.59375
1.91016
0.55859
1.21875
1.29297
0.31641
1.65234
0.66406
0.83203
1.59375
0.27734
1.33594
0.98828
0.47266
1.64844
0.60938
1.20703
1.40234
0.35156
1.48438
0.72656
0.71094
1.64844
0.44531
1.33203
1.04688
0.35156
1.60938
0.58594
1.10938
1.51953
0.41016
1.50781
0.84766
0.49219
1.49219
0.42188
1.20703
1.35156
0.35938
1.51953
0.66406
0.85156
1.70312
0.45703
1.57812
1.00000
0.50391
1.66406
0.39453
1.17969
1.31250
0.33594
0.60547
0.67969
1.37500
0.44922
1.51562
1.27734
0.74219
0.51562
0.51562
1.03906
1.42578
0.41797
1.52734
0.84375
0.65625
1.53125
1.17578
1.08984
0.42969
1.66797
0.59375
0.86719
1.45703
0.33203
1.53125
1.06641
0.57812
1.47656
0.38672
1.15234
1.40625
0.63281
1.74219
0.80859
0.96094
1.53125
0.40234
1.30078
0.89062
0.48438
1.64453
0.45703
0.95703
1.19922
0.29688
1.58203
0.93359
0.82031
1.48047
0.35156
1.33594
1.21094
0.62891
1.64844
0.60938
1.01172
0.41016
1.40234
0.81641
0.63672
1.55078
0.39844
1.14062
1.12500
0.47266
1.66016
0.77734
1.00391
1.44922
0.47266
1.52344
1.52344
0.98438
0.69922
1.50391
0.35547
1.08984
1.18359
0.33203
1.45703
0.67188
0.82031
1.55859
0.53125
1.05469
0.65625
1.59375
0.69531
1.14844
1.27734
0.57031
1.50781
0.86719
0.84766
1.33594
0.39453
1.14062
1.00781
0.46484
1.39453
0.57031
0.85156
1.43750
0.51562
1.46484
1.04688
0.76562
1.67188
0.55469
1.25391
1.26172
1.26172
0.55469
1.69531
0.78125
0.92578
1.31250
0.40625
1.27344
0.89453
0.57812
1.23828
0.47266
1.02734
1.16797
0.59375
1.37891
0.80078
0.84766
1.59375
0.78906
1.39844
0.80469
0.80469
1.62500
0.55859
0.76172
0.07812
1.12109
0.69922
0.55078
1.51562
0.60156
1.34375
1.42578
0.69531
1.63281
0.78125
0.99609
1.46875
0.52734
1.38281
0.91797
0.67969
0.48828
1.06641
1.03516
0.39453
1.38672
0.68359
0.83594
1.50391
0.56641
1.56641
1.56641
1.28516
1.59766
0.59375
1.10547
1.32031
0.43359
1.35156
0.62500
0.66406
1.42578
1.42578
0.50000
1.35156
1.14062
0.58203
1.41797
0.53906
0.93359
1.31641
0.50781
1.48047
0.97656
0.81641
1.59766
0.62891
1.33984
1.29688
0.49609
1.46484
0.58594
0.76953
1.38281
0.46875
1.41016
0.95703
0.62500
1.44141
0.46094
1.05078
1.24219
0.67188
1.41016
0.91016
0.94531
1.28516
0.67578
1.31641
1.10938
0.62500
1.40625
0.58594
0.88281
1.32422
0.42578
1.47266
0.91797
0.73047
1.57031
0.39062
1.25391
1.16016
0.41406
1.58594
1.58594
0.60547
0.92578
1.46875
0.47266
1.42969
0.93359
0.67969
1.43359
0.62109
1.26562
1.18359
0.71094
1.46875
0.72656
0.84375
1.26172
0.48828
1.25000
0.99609
0.63672
1.48828
0.65234
1.12891
1.41797
0.62891
1.61719
0.92578
0.73828
1.41016
1.14062
0.96484
0.35938
1.35547
0.53516
0.94922
1.41797
0.56641
1.50000
1.00000
0.82422
1.51953
0.66797
1.22656
1.25391
0.67969
1.49219
0.72656
0.78906
1.17578
1.31641
0.95703
0.71484
1.45703
0.53125
1.05469
1.23047
0.53516
1.47656
0.88672
0.94141
1.49219
0.54688
1.27344
1.03516
0.73047
1.56250
0.73828
1.00000
1.16406
0.43750
1.29297
0.75781
0.65625
1.47656
0.51953
1.26562
1.21094
0.52344
1.60938
0.77734
0.90625
1.45703
0.48438
1.34375
0.97266
0.67188
1.45703
0.57812
1.05078
1.09766
0.60156
1.47266
0.89453
0.96875
1.38672
0.64453
1.14062
0.89844
0.51953
1.35156
0.78906
1.07422
1.37109
0.49609
1.32812
0.88672
0.87500
1.69922
0.71875
1.39062
0.37891
1.39062
0.53516
0.86719
1.31641
0.40234
1.32422
0.77344
0.59375
1.36328
0.60156
1.29297
1.30859
0.75781
1.40234
1.40234
0.73828
0.91406
1.42969
0.78516
1.48438
0.57812
1.39453
1.39453
0.57422
0.98828
1.26562
0.42969
1.35547
0.80078
0.68750
1.40625
0.62109
1.32422
1.20703
0.67578
1.41797
0.71875
0.92578
1.29297
0.59375
1.40234
0.94531
0.85938
1.50781
0.62500
1.09375
1.02734
0.50000
1.34766
0.73047
0.82812
1.34766
0.52734
1.34375
1.07812
0.72656
1.53906
0.67969
1.08984
1.18359
0.48047
1.30078
0.73438
0.78906
1.46094
0.69531
1.35156
1.10156
0.73438
1.52344
0.79297
1.01172
1.23438
0.57812
1.30078
0.90625
1.28516
1.28516
0.48438
1.08203
0.52734
1.52344
0.94141
1.12109
1.51562
0.69141
1.28906
0.84766
0.61328
1.33203
0.58984
1.11328
1.10547
0.52344
1.50391
0.86719
1.00781
1.43750
0.55469
1.17188
0.92188
0.60938
1.39062
0.65625
1.02734
1.28516
0.52734
1.33984
0.83984
0.76562
1.54297
1.34766
1.23828
0.50391
1.52734
0.80469
1.00391
1.33984
0.48438
1.22266
0.83984
0.65625
1.33594
0.69922
1.17969
1.25781
0.64453
1.42578
0.70312
0.80469
1.41797
0.56641
1.25391
1.03906
0.62891
1.53516
0.66406
1.04688
1.24219
0.42188
1.44922
0.92969
0.84766
1.53125
0.65625
1.19531
1.00391
0.51562
1.19922
0.62109
0.92969
1.26562
1.29688
1.29688
0.96094
0.87109
1.60938
0.85547
1.30078
1.26172
1.44141
0.70703
0.77734
1.31250
0.39062
1.31641
0.98828
0.51172
1.35938
0.50391
0.50391
1.00781
1.34766
0.62891
1.53516
0.87891
1.51562
0.66797
0.66797
1.02734
0.60547
1.42969
0.67969
0.94922
1.19531
0.48828
1.35547
0.98438
0.73828
1.44141
0.64453
1.24609
1.32031
0.66406
1.44922
0.77344
0.84375
1.32422
0.50781
0.94531
0.60547
1.43359
0.67578
0.99219
1.17578
0.49609
1.50391
0.92188
0.84375
1.47656
0.59766
1.37891
1.17969
0.64062
1.44922
0.60156
0.99219
1.32812
0.50000
1.30078
0.75781
0.57031
1.38672
0.56250
1.11719
1.20703
0.61719
1.57422
0.94141
0.88281
0.88281
0.57031
1.35156
1.12500
0.62500
1.43750
0.59766
1.04688
1.25391
0.58594
1.42969
0.85938
0.87109
1.34766
0.53125
1.22266
1.01172
0.70703
1.59375
0.75391
0.92578
1.17969
0.42969
1.26172
0.88672
0.67188
1.42188
0.66797
1.23047
1.25391
0.60547
1.43750
0.75000
0.92969
1.45703
0.46484
1.26172
1.26172
0.90234
0.54297
1.57422
0.68750
1.12891
1.36719
0.66016
1.48438
0.88281
0.79688
0.79688
1.25781
0.55078
1.10547
0.61328
1.34375
0.71094
1.04688
1.39453
0.67969
1.37891
1.02344
0.84375
1.48047
0.72266
0.72266
1.12109
0.57031
1.48828
0.71875
0.85547
1.21484
0.43750
0.43750
1.25000
0.80078
0.56250
0.59375
1.27344
1.44141
0.82031
1.00391
1.63281
1.63281
0.87500
1.09375
0.52344
1.23047
0.58984
0.58984
0.76562
1.08203
0.45703
1.46094
0.97656
0.88672
1.57031
0.72656
1.28906
1.10547
0.50000
1.24609
0.61719
1.24609
0.52344
1.30859
0.91016
0.87891
1.67578
0.84375
1.23438
1.23438
1.31250
0.55859
1.30859
0.73047
0.71875
1.34766
0.64062
1.28906
0.49219
1.29688
0.60938
1.05469
1.28906
0.51172
1.39453
0.85547
0.86719
1.67188
0.71094
1.34766
1.20312
0.61719
1.48047
0.65625
0.80469
1.17188
0.49609
1.33984
0.86719
0.64062
1.36328
0.50391
1.17188
1.32422
0.60156
1.46875
0.78125
0.86719
1.48438
0.55078
1.42188
1.16016
0.62109
1.52344
0.55859
0.90625
1.27344
0.47266
1.48438
0.78125
0.60156
1.31641
0.39062
1.19922
1.12109
0.58984
1.60938
0.82031
1.18359
1.47656
1.47656
0.61328
1.50781
0.86719
0.74219
1.50391
0.55859
1.19531
0.38281
1.33594
0.60547
0.86328
1.34766
0.54297
1.47266
1.08984
0.79297
0.79297
1.62500
0.70312
1.19922
1.16406
0.43359
1.35156
0.64453
0.73047
1.23047
0.38281
1.37500
1.07422
0.73047
1.67188
0.73047
1.26172
1.50781
0.55469
0.55469
1.50000
0.64453
0.51172
1.32812
0.31641
1.12109
1.07422
0.51172
1.60156
1.11719
1.62109
1.62109
0.69141
0.88672
0.61719
1.39844
0.39453
1.03125
1.01953
0.37109
1.46875
0.69531
1.04688
1.57812
0.55469
1.53906
1.10938
0.78125
1.63672
0.61719
1.11328
1.10547
0.28125
1.28906
1.28906
0.48828
0.62500
1.49219
0.42578
1.36719
1.11719
0.60547
1.74609
1.35547
1.60938
0.49609
1.54297
0.73828
0.66016
1.37109
0.30078
1.09766
1.02734
0.38672
1.42188
0.62500
0.95312
1.49609
0.58203
1.57031
1.00781
0.69922
1.65234
0.53906
1.22266
1.22266
0.33984
1.49219
0.62891
0.76953
1.49219
0.38281
1.38672
0.96484
0.43750
1.56641
0.48438
1.14453
1.47266
0.62891
1.60938
0.86328
0.80469
1.37109
0.35938
1.18359
0.99609
0.99609
0.56250
1.54688
0.65625
1.07812
1.42188
0.52344
1.57812
0.96094
0.76953
1.55078
0.41016
1.17188
1.09766
0.38672
0.53906
0.78516
1.37500
0.30078
1.40234
0.95703
0.68359
1.78906
0.58984
1.31641
1.46875
0.50000
1.67969
0.78125
0.80859
1.33203
0.30078
1.27734
0.93359
0.51562
1.50391
0.47266
1.00781
1.34375
0.32422
1.60938
0.91406
0.82031
1.72656
0.46094
1.35938
1.15625
0.42188
1.61719
0.57422
0.93750
1.30469
0.22656
1.47266
0.81641
0.70312
1.58594
0.48828
1.47266
1.24609
0.47266
1.57422
0.56250
0.91016
1.42188
0.40625
1.41016
0.89453
0.62891
1.67578
0.58984
1.12891
1.30078
0.42188
1.51172
0.74609
0.74609
1.47656
0.35156
1.35547
0.94531
0.40625
1.61328
0.62500
1.29688
1.58594
0.41016
1.43359
0.76562
0.65234
1.62500
0.51562
1.29688
1.08984
0.46484
1.58984
0.54297
1.05859
1.53125
0.40234
1.46094
0.71875
0.51562
1.54297
0.43359
1.30859
1.27344
0.28125
1.49609
0.55078
0.96484
1.68359
0.49609
1.64453
0.56641
0.56641
1.70703
0.50781
1.19141
1.31641
0.23047
1.42969
0.54688
0.59766
0.44531
1.48828
1.48828
1.32031
1.64062
0.53125
1.00000
1.32422
0.41016
1.57812
0.79688
0.62109
1.50781
0.19141
1.22656
1.24609
0.43750
1.72656
0.58203
0.91797
1.51172
0.35547
1.65625
0.97656
0.65625
1.66797
0.37891
1.22266
1.14844
0.29297
1.51953
0.66797
0.93750
1.56641
0.46875
1.35938
1.01562
0.62109
1.54297
0.44141
1.09375
1.37500
0.36719
1.61328
0.81641
0.84375
1.66016
0.39844
1.45312
1.05469
1.58203
0.42188
0.42188
0.93359
1.30859
1.46875
0.79297
0.69531
1.63672
0.52734
1.36328
1.32031
0.53516
1.70703
0.76953
1.01562
1.46094
0.35938
1.44922
0.78516
0.43359
1.42969
0.23047
1.17188
1.30078
0.43750
1.69141
0.63281
0.84766
1.61328
0.41016
1.44531
1.01172
0.51562
1.72266
0.61719
1.17969
1.39062
0.40234
1.65234
0.86719
0.74219
1.57812
0.23828
1.25000
0.99609
0.26172
1.44141
0.30859
0.98047
1.63672
1.70703
0.97656
0.66406
1.67578
0.53516
1.23828
1.23438
0.40625
1.54688
0.55078
0.76953
1.33984
0.35547
1.46875
1.04688
0.71875
1.61719
1.26953
1.29297
0.37891
1.48047
0.57812
0.73047
1.53516
0.28125
1.33594
1.06250
0.53516
1.85547
0.75781
1.20703
1.55859
0.30859
1.43750
0.65234
0.49219
1.47266
0.24609
1.30469
1.05469
0.44531
1.74609
0.65625
1.56641
0.39844
1.51953
0.94922
0.68750
0.48438
1.05078
1.15234
0.46094
1.24219
0.87109
0.83984
1.21875
0.86719
1.19922
0.94531
0.84375
1.35547
0.95703
1.00781
1.24609
0.90234
0.89844
0.81250
0.97656
1.07422
0.72266
1.10156
1.21094
0.80469
1.21094
1.21094
1.02344
1.00000
1.19531
1.01953
1.17188
0.82031
0.80859
0.98047
0.80078
0.93359
0.83594
0.93359
0.92969
1.20312
1.08984
1.01172
1.28516
1.08594
1.09766
1.00000
0.88672
1.00781
0.83984
0.90625
0.92969
0.86328
0.98047
1.03125
0.99609
1.05078
1.05859
1.08203
1.04297
1.01953
0.99609
0.96094
0.94922
0.98438
0.99219
0.96875
0.98438
0.97656
1.00391
1.00000
1.00000
1.01562
1.04297
1.07812
1.04297
1.04297
1.05078
1.02344
0.98828
0.94922
0.92578
0.90625
0.91016
0.94141
0.96094
0.98438
1.02344
1.06641
1.06250
1.06641
1.05859
1.03906
1.00000
0.98438
0.96094
0.96484
0.95703
0.96094
0.97656
0.99219
1.03125
1.03516
1.03125
1.02344
1.03125
1.01562
1.01172
0.99219
0.98047
0.95703
0.96094
0.96094
0.96875
0.98047
0.99219
1.01172
1.03906
1.04688
1.05859
1.05078
1.03906
1.02734
1.00000
0.97656
0.95703
0.95703
0.93359
0.94141
0.92969
0.94922
0.98047
1.00781
1.02734
1.05078
1.03906
1.04297
1.03516
1.02344
1.02344
0.98828
0.97656
0.97656
0.96094
0.96484
0.96875
0.98438
1.00391
1.01172
1.01172
1.01172
1.01953
1.02734
1.00000
0.99219
0.99609
0.98438
0.97656
0.97656
0.98047
0.99219
1.00000
1.01562
1.01562
1.01172
1.03125
1.03516
1.01953
1.00781
1.01562
1.01172
0.98828
0.98047
0.98438
0.97656
0.96484
0.98047
0.99219
0.99609
1.00391
1.01953
1.01953
1.01953
1.01953
1.01172
0.99609
1.00000
0.99609
0.98828
0.98438
0.98438
0.98828
0.99219
1.00781
1.01172
1.01562
1.01953
1.01953
1.01953
1.00781
1.00000
0.99609
0.98047
0.97656
0.97266
0.96875
0.98047
0.98047
0.98438
0.99219
1.00781
1.02734
1.03125
1.03125
1.02734
1.01953
1.00000
1.00000
0.99609
0.98047
0.97266
0.96875
0.98047
0.98047
0.98047
1.00391
1.00781
1.01562
1.02344
1.03125
1.02734
1.01953
1.01172
0.99609
0.98047
0.96875
0.98047
0.97656
0.98047
0.98828
1.00781
1.00781
1.02734
1.03906
1.03125
1.02734
1.01953
1.01172
1.00391
0.97656
0.98047
0.97656
0.97656
0.97266
0.98047
0.99219
0.99609
1.01562
1.01953
1.00391
1.00391
1.01953
1.02344
1.01953
1.00391
0.98047
0.97266
0.99219
0.99219
0.98828
0.98828
0.99219
0.99609
1.00391
1.00391
1.02344
1.01172
1.00391
1.00391
1.00391
0.99219
0.98828
0.99219
1.00000
0.99219
0.98438
0.99219
1.00391
1.00391
1.00391
1.01172
1.01172
1.01562
1.01172
1.01172
0.99219
0.99219
1.00000
0.99219
0.98828
0.98828
0.98828
0.99609
1.01172
1.01172
1.01172
0.99609
1.01562
1.01562
1.00781
1.01172
1.01562
1.00000
0.98828
0.98828
0.99219
0.98828
0.99219
1.00000
0.98828
0.99219
1.00781
1.02344
1.01562
1.01172
1.01172
1.00000
0.99219
0.99609
0.99609
0.98438
0.98828
0.99609
0.99609
0.99219
1.00000
1.00000
0.99609
1.01172
1.01172
1.01172
1.01172
1.00000
1.00000
0.99219
0.98438
0.99219
0.98828
0.97656
0.97656
0.98438
0.99219
1.00391
1.01562
1.01562
1.01562
1.00391
1.00391
1.00391
1.00391
1.01172
0.99609
0.98047
0.97656
0.99219
1.00781
1.00781
1.01172
1.00781
1.00781
1.00000
0.99219
1.00781
1.00781
1.00781
0.99219
0.99219
0.98047
0.98047
1.00000
0.99219
0.99609
1.00781
1.00781
1.00391
1.00781
1.02344
1.01562
1.00391
0.99609
1.00000
0.99219
1.00391
0.98828
1.00000
0.98828
0.99609
1.00391
1.00391
1.00000
0.98828
1.00781
1.00781
0.99609
0.99609
1.00391
0.99609
0.99219
1.00000
0.99609
1.00000
1.00000
1.00781
0.99219
0.98438
1.00391
1.01172
1.00781
1.00000
0.99219
0.98438
1.00391
1.01172
0.99609
0.98828
0.99219
0.99219
0.99609
1.00781
0.99219
0.98828
0.99219
1.00000
1.00781
1.00000
1.01172
1.02344
1.00391
0.98828
1.00391
1.01172
1.00781
0.99609
0.99219
0.99219
0.99219
1.00000
1.00000
1.00000
0.99609
1.00781
1.00391
1.00000
1.00781
0.99609
0.99219
0.99609
1.00781
0.99219
1.00000
1.01172
1.00781
1.00391
1.01172
1.01172
0.99609
1.00000
1.00391
1.00000
0.99609
0.99609
0.98828
0.99219
0.99609
1.00391
0.99609
0.99609
1.00391
1.00781
1.00000
0.99609
1.00000
1.00000
1.00000
0.99219
1.01172
1.00000
1.00391
1.00000
0.98828
0.98828
1.00000
1.01172
1.00391
0.99219
1.00391
1.00000
1.00000
1.00000
1.00000
0.98828
1.00000
0.99219
0.99609
1.00391
1.00000
1.00391
0.98828
1.00000
1.00000
1.00000
1.00000
1.00000
0.99219
1.00781
1.00391
0.99609
0.99609
1.00000
0.99609
1.00391
0.99219
0.98438
0.99219
1.00000
1.00000
1.00781
1.00781
1.01562
1.00391
0.99609
0.98828
1.00391
1.00391
1.00781
0.98828
0.98828
0.99219
1.01172
1.00000
1.00000
1.00000
0.99609
0.99609
0.99219
1.00000
1.00391
0.99609
