1.00000
0.99219
0.98438
0.99609
1.00391
1.01172
1.01562
1.00000
1.00000
0.99219
1.00000
1.01953
1.01172
0.99219
0.98828
0.98828
0.98828
0.98828
0.99609
1.00000
1.01172
1.00391
1.00781
1.00000
0.98828
0.99609
1.00781
1.00781
0.99219
1.00391
1.00391
1.00000
1.01172
1.01172
0.99609
0.99609
0.99609
0.98828
0.99609
0.99609
1.00000
1.00781
1.00781
0.99609
0.98828
0.99609
0.99219
0.99609
1.01953
1.00391
0.99609
0.99609
1.00000
0.99219
1.00391
1.00781
1.00391
0.99219
1.00000
1.00000
0.99609
1.00000
1.00781
1.00391
0.99609
1.00000
0.99219
0.99219
1.00781
1.01172
0.99609
0.98438
0.99609
1.00000
1.01172
1.01172
1.01562
1.00000
1.00391
0.98828
0.98828
0.99609
1.00391
1.01172
1.00000
0.99609
0.99609
0.99219
1.00000
0.98828
0.99609
1.00000
0.99219
0.99219
1.00391
0.99609
1.00781
1.00781
1.00000
0.98828
1.00000
1.00000
1.00000
1.00391
1.00391
0.99609
0.99219
0.98828
0.99609
1.00391
1.01172
1.01562
0.99609
0.99609
1.00000
0.99219
1.00000
1.01172
0.99609
0.98828
0.99219
1.00000
1.00391
1.00391
1.00781
0.99609
1.00781
1.00000
1.00781
1.00000
0.99219
1.00391
0.99219
0.99219
0.98828
1.00000
1.00000
1.00781
1.01172
1.01562
0.99609
0.98828
0.99219
1.00391
1.00781
0.99609
0.99609
0.99609
0.98828
0.98438
1.00000
1.01562
1.01172
1.01562
1.00391
0.98828
1.00000
1.01172
1.01172
0.99219
1.00000
1.00000
1.00000
1.00000
1.00391
1.01172
1.01562
1.01562
1.00781
0.99609
0.99609
1.00000
1.00000
1.00391
0.99219
0.99609
0.99609
0.99609
0.99219
1.00000
1.00781
1.01172
1.00391
1.00391
0.99219
1.00781
1.00000
1.00391
1.01172
0.98828
0.98438
0.97266
0.99609
1.00781
1.00781
1.01172
1.00000
0.99609
0.99219
1.00000
1.00781
0.99609
1.00391
0.99219
0.98047
0.98438
1.00781
1.01172
1.01172
1.00781
1.00000
1.00000
1.00000
0.99219
1.00391
1.01953
1.00000
0.98828
0.98438
0.98047
0.98828
1.01172
1.01953
1.01562
1.00781
1.00781
0.98438
0.98828
1.00391
1.00391
0.99219
0.98828
0.98828
0.99219
0.99609
1.00391
1.01953
1.00000
1.00000
0.99609
1.00000
1.00000
1.00000
1.00391
0.99609
1.00000
0.98438
1.00391
0.99219
0.99609
1.00781
1.00781
0.99609
1.00000
0.99609
1.00391
0.99219
1.01172
0.99609
0.99219
0.99219
0.99219
0.99219
1.00000
1.01562
1.00781
1.01172
0.98438
0.99609
1.00000
1.00000
1.00000
0.99609
0.99609
0.99219
0.99219
0.99219
0.98828
1.00781
1.00781
1.00391
0.99219
1.00000
1.00781
1.00000
0.99609
1.01172
1.00391
1.00000
1.00000
0.99609
1.00000
1.00781
1.00391
1.00000
0.99219
0.99219
1.00000
0.99609
1.00781
1.01562
1.01562
0.99219
0.98438
0.98828
0.99219
0.99609
1.00391
1.00781
1.00000
1.00000
1.01172
0.99609
1.00391
1.01562
1.00391
0.99609
0.99219
1.00000
0.99609
1.00000
1.00000
1.00391
0.99219
0.99609
1.00000
0.99609
1.00391
1.01172
0.99609
0.99609
0.99219
1.00391
0.99609
1.00781
1.00781
1.01172
1.00000
1.00000
0.99609
1.00000
0.99219
1.00391
0.99609
0.98828
0.99219
0.99219
0.99219
1.00000
1.00000
1.01172
1.02344
1.00391
0.98047
0.98047
1.00000
1.00000
1.00391
1.01953
0.99609
0.99609
0.99219
1.00391
1.00000
0.99609
1.00391
0.98828
0.97656
0.98828
1.01172
1.01562
1.00781
1.01172
0.99609
0.98828
0.99219
1.00781
1.01953
1.00781
1.00391
0.98438
0.98438
0.98828
1.00781
1.01953
1.01562
1.00781
1.00391
0.98828
0.98828
0.99609
1.00000
0.98047
0.99219
0.99219
1.00000
1.00391
1.00000
1.01953
1.01172
0.99609
0.99219
1.00391
1.01172
1.00781
0.99609
1.00000
0.98438
0.99219
0.98828
1.00000
1.00781
1.01172
1.00000
0.99609
0.99609
0.99609
0.99219
1.00781
0.99219
1.00000
0.99609
0.99609
1.00000
0.99609
1.01953
1.00781
1.01562
1.00000
1.00000
0.98828
0.98828
0.99609
1.00000
0.99219
0.98828
0.98828
0.98828
1.00391
1.01172
1.00391
0.99609
0.99609
1.00000
0.99219
1.00391
1.00781
1.00781
1.00000
0.99609
1.00000
1.00391
1.01172
1.00000
0.98828
0.99219
0.99219
0.98828
1.00000
1.01562
1.01562
1.00781
0.98828
0.98828
1.00000
0.99219
1.00391
1.00781
1.00000
0.99609
1.00000
0.99219
1.00391
1.00391
0.99219
0.98828
0.98828
1.01172
1.01172
1.00000
0.99609
1.00000
1.00781
1.00391
0.98828
0.99219
0.99609
1.00781
1.01172
1.00391
0.97656
0.98828
1.01562
1.00000
1.05469
1.04297
0.89844
1.01953
0.85547
0.98438
1.11328
0.91797
1.21875
0.96484
0.95703
1.05078
0.81250
1.14844
0.98828
0.90625
1.03906
0.94531
0.94531
1.06641
0.91797
1.09375
1.07031
0.99219
0.99219
0.91016
1.03906
0.86719
1.03906
1.19922
0.75000
1.13672
1.08203
0.84375
1.00391
1.14453
0.79297
0.87500
1.21484
0.54297
1.30078
1.30078
1.36719
1.74609
1.03516
0.11719
2.12500
0.11719
0.92969
2.09766
-0.32031
2.23047
0.66797
0.67969
1.98438
-0.01953
1.80078
0.99219
0.98828
0.82031
1.02344
0.83594
1.08594
1.08594
0.93750
1.01953
1.04297
1.10547
1.10547
0.78906
1.50000
0.50000
1.40234
0.60156
1.18359
0.95703
1.30469
0.87891
1.16797
0.85547
1.23047
0.61719
1.25391
0.50391
1.09375
0.66797
1.04297
1.00391
0.97656
0.97656
1.17188
1.25781
1.25781
1.32031
0.70312
1.38672
0.67578
1.28906
0.94922
1.18359
1.14062
0.87109
1.06250
0.70703
0.90234
0.55859
1.18359
0.57422
1.30078
0.75781
1.30859
1.04297
1.19531
1.10156
1.00391
1.28125
0.83984
1.26562
0.56250
0.66406
0.66406
1.25000
1.09375
1.09375
0.98047
0.92578
1.14844
1.04688
0.73438
1.09766
0.50000
1.30859
0.73438
1.43750
1.43750
0.89844
1.25000
0.96094
1.00781
1.08594
0.82812
1.21094
0.69922
1.30859
0.46094
1.28906
1.28906
1.28906
1.28906
1.02344
1.12500
1.03906
0.80859
1.05078
0.72656
1.25781
0.70312
1.21875
0.58594
1.24219
0.65625
1.18359
0.92188
1.14844
1.15234
0.91797
1.21094
0.73828
1.40625
1.40625
0.69141
1.35156
1.19922
0.71094
1.07031
0.92969
0.94141
1.19531
0.81250
1.13672
0.60938
1.20703
0.69531
1.34375
0.63672
1.34766
0.89844
0.89844
1.09766
1.14453
0.80469
1.32422
0.83203
1.17188
0.76172
1.31641
0.57812
1.40234
0.83203
1.25000
0.97266
0.89453
0.85938
0.75391
1.03516
0.73438
1.24219
0.64844
1.35547
0.62891
1.29297
0.71484
1.16797
1.13672
1.05078
1.30078
0.85156
1.28125
0.78125
1.26953
0.62891
1.35547
0.67969
1.17188
0.74219
0.90625
1.08594
0.88281
1.25781
0.69531
1.22656
0.57812
1.28125
0.70703
1.23047
0.87500
1.26562
0.94922
1.04297
1.07812
0.91797
1.26172
0.80078
1.32422
0.60547
1.27734
0.52734
1.15625
0.72656
1.15234
1.00391
0.83984
1.20312
0.87109
1.30859
0.80469
1.38672
0.76562
1.31250
0.61328
1.10938
0.68750
1.03906
1.00391
0.87891
1.25000
0.80469
1.30469
0.65625
1.42969
0.77344
0.77344
1.43750
0.87109
1.16797
0.94922
0.72656
1.00000
0.73438
1.10547
0.46484
1.26953
0.64844
1.40625
0.87891
1.31641
1.05469
1.12500
1.20703
0.84375
1.33594
0.73047
0.60938
0.60938
1.28516
0.59375
1.07031
0.73438
0.82031
1.01562
0.91797
1.13672
0.94141
1.32422
0.79688
0.57812
1.32812
0.77344
1.20312
1.20312
0.87109
1.12500
0.97266
0.87500
1.26953
0.70703
1.41016
0.65625
1.32422
1.32422
1.21484
0.79688
1.12891
0.97656
1.00391
1.16797
0.77734
1.04688
0.64844
1.12500
0.50781
1.31250
0.65625
1.29297
1.00000
1.17188
1.12500
1.12500
1.26562
1.03125
1.28906
0.59375
1.16797
0.49219
1.17969
0.64062
1.10547
0.84766
0.94922
1.00781
0.78516
1.23828
0.97266
1.53125
0.86719
1.30859
1.25000
1.25000
0.76562
1.17969
0.92578
0.91797
0.85156
0.67188
1.04688
0.70703
1.30859
0.72266
1.44531
0.78125
1.39844
0.96875
1.28906
1.17969
1.00781
0.98047
0.98047
0.58984
1.04297
0.61328
1.30859
0.55078
1.28516
0.76172
1.19922
0.85547
1.01562
1.10938
0.99219
1.26562
0.82812
1.30078
0.65625
1.33984
0.69141
1.26172
0.74609
1.10547
0.78516
0.89844
1.01562
0.85156
1.14844
0.79688
1.39844
0.58594
1.38281
0.72266
1.28906
0.96094
1.16797
1.06641
0.94531
1.07031
0.82812
1.19531
0.65234
1.39453
1.24609
0.65234
0.65234
1.09766
0.75781
1.06641
0.89062
1.16797
0.81250
1.35547
0.65625
1.38672
0.75391
1.34766
0.76562
1.10547
0.87891
0.93359
1.02344
0.85156
1.22266
0.76562
1.25781
0.56250
0.71094
1.35547
0.91406
1.13672
1.10156
0.99609
1.14062
0.90234
0.77344
0.77344
1.29297
0.45312
1.07422
0.59766
1.12109
0.87500
1.10547
1.01953
0.89844
1.29688
0.76953
1.42578
0.74609
1.28906
0.71875
1.21094
0.73438
1.12500
0.94141
0.97656
1.12891
0.91797
1.10547
1.10547
0.75000
1.26172
0.64062
1.37500
0.72266
0.83984
0.83984
1.11328
0.98047
1.15234
1.15234
0.88281
1.23047
0.61719
1.29688
0.59375
0.67969
1.11719
1.01172
1.11328
1.08594
0.88281
0.88281
1.04688
0.75391
0.74219
1.35547
1.35547
0.55859
1.21875
0.62109
1.23438
1.07812
1.21094
0.86719
1.25781
0.74609
1.28516
0.64453
1.37891
0.71094
1.10156
0.66797
0.84375
0.91406
1.06641
1.17578
0.87500
1.24609
0.70312
0.81641
1.48438
0.82422
1.32812
0.73438
0.87500
0.89844
0.71875
1.13672
0.73828
1.21094
0.61328
1.21484
0.66406
1.39453
0.93359
1.30469
1.03125
1.06641
1.14453
0.82422
1.14062
0.80078
1.39062
0.64844
1.18359
0.57812
1.14062
0.85156
1.20703
1.06250
0.97266
0.97266
1.07031
0.77734
1.14453
0.58984
1.22266
0.57031
1.34375
0.70312
1.21875
0.90234
0.98047
1.10156
1.11328
1.25391
0.96484
0.96484
1.41016
1.32812
0.56641
0.56641
1.10547
0.60156
1.05859
0.82812
0.91406
0.98047
0.82812
1.29297
0.96484
0.93750
1.56250
0.73438
1.15234
0.73047
1.01562
0.83984
0.94922
0.89062
0.55859
1.09375
0.48438
1.22266
0.77344
1.49219
0.96094
1.41016
0.92578
1.12109
1.04297
1.08594
1.28906
0.82422
1.12891
0.42578
1.03516
1.19531
0.76172
1.26172
0.95312
1.14062
1.21484
0.94141
1.39844
0.90625
1.38672
0.60547
1.12500
0.44141
1.23438
0.79688
1.26562
1.03906
0.85938
0.90234
0.66016
1.05859
0.74219
1.44141
0.78516
1.46484
0.86719
1.34766
0.88672
1.05469
0.94141
0.82031
0.91016
0.62891
1.12891
0.75391
0.75391
0.82812
1.44922
0.73438
1.21875
0.97266
1.08203
1.13672
0.75781
1.08594
0.74609
1.22656
0.67969
1.33594
0.54688
1.25391
0.89062
1.13672
1.03125
1.03125
1.05469
1.09375
0.73438
1.07812
0.58594
1.11328
0.63281
1.34766
0.73828
1.21875
0.79297
1.16797
1.16797
1.11719
1.29688
0.90234
1.24219
0.67578
1.41797
0.67578
1.26172
0.70703
1.05469
0.67578
0.82031
0.87109
0.78125
1.23438
0.83984
1.33594
0.68359
1.30859
0.92188
1.60547
0.96094
1.26172
0.78516
0.84375
1.02344
0.73438
1.10547
0.71875
1.17188
0.51172
1.17188
0.57031
1.14062
1.00391
1.26172
1.10547
1.05859
1.12500
0.92188
1.46094
0.87891
1.44141
0.74609
1.17969
0.61328
1.13281
0.63281
0.88281
0.94141
0.73438
1.05859
0.69531
0.83984
0.83984
1.69531
0.91016
1.41797
0.87109
1.15625
0.97656
0.97656
0.88672
0.74219
0.74219
0.90234
0.58984
0.99219
0.44531
1.25000
0.73828
1.35547
1.07812
1.33594
1.17188
1.17188
1.14453
1.35156
1.06641
0.77344
1.17578
0.47266
1.06641
1.06641
0.41797
0.96094
0.81250
1.02344
1.07812
1.22266
0.87891
1.42578
0.87109
1.47656
0.78516
1.23438
0.61328
0.86719
0.67578
0.83594
0.84375
0.76562
0.76562
1.22656
1.00391
1.61719
0.93750
0.69531
1.14062
0.75000
0.75000
1.12109
0.95703
1.26953
0.85938
0.85938
1.22656
0.65234
1.20312
0.55859
1.20312
0.57812
1.03906
1.07812
1.16016
1.06250
1.28516
0.84375
1.20312
0.67578
1.32422
0.59375
1.17578
0.70312
1.09375
0.84375
0.97656
1.01953
0.88281
1.40625
0.90234
1.35547
0.91406
1.35938
0.75781
1.25391
0.85938
0.75391
0.78125
0.87891
0.82812
1.22266
0.82031
1.59766
0.93750
1.53125
0.84766
1.29688
1.29688
0.92188
1.13672
0.97656
0.80859
0.89453
0.61719
1.00781
0.52344
1.01953
0.52734
1.14062
0.73047
1.30078
1.07422
1.22656
1.36328
1.15234
1.39062
1.01953
1.36328
0.61328
1.26172
0.50781
0.91797
0.65625
0.85938
0.85156
1.01172
1.16406
0.88672
1.33594
0.80078
1.44531
0.72656
1.39844
0.82031
1.20703
0.90625
0.99609
0.92188
0.89844
1.07422
0.76953
1.08984
0.65234
1.16406
0.66406
1.26953
0.59766
1.24609
0.92969
1.07812
1.18750
0.96094
1.24219
0.82031
1.31641
0.73828
1.33984
0.74219
1.24609
1.24609
0.80859
1.16016
0.92578
0.93359
1.07422
0.70703
0.62891
0.62891
1.15234
0.62500
1.30469
0.86719
1.30859
0.93750
1.12109
1.01953
0.92969
1.05469
0.83594
1.18359
0.73047
1.39844
0.60156
1.34375
0.68750
1.08594
0.88281
1.01172
0.77734
1.11328
0.76953
1.38281
0.81250
1.53906
0.73438
1.34766
0.94922
1.26172
1.08594
1.04297
1.04297
0.77344
0.99219
0.58203
1.13672
0.58594
1.19141
0.65625
1.10547
0.73047
1.01172
0.98438
1.01562
1.26172
0.90625
1.30859
0.73438
1.46484
0.76953
1.48438
1.48438
0.91016
1.17969
0.92969
0.88672
0.80078
0.75781
0.98828
0.67188
1.29688
0.63672
1.35156
0.74609
1.26172
0.96875
1.36719
1.20312
1.13281
1.14453
0.88281
0.88281
1.10938
0.64453
1.18359
0.57031
1.16016
0.60547
1.02734
0.55469
0.92188
1.01172
1.30078
1.30078
1.49609
0.88672
1.61719
0.90234
1.39844
0.83594
1.09766
0.71094
0.85547
0.73438
0.63672
0.90234
0.90234
0.72656
1.28516
0.82031
1.46484
0.73828
1.51172
0.92578
1.30469
1.12109
1.01953
1.14062
0.78906
1.02734
0.58984
1.07422
0.56250
1.23047
0.64062
1.23828
0.78516
1.04297
0.98047
0.96484
1.10938
0.79297
1.30078
0.79297
1.51172
0.77344
0.77344
0.78906
1.23047
1.02734
1.16406
1.08203
1.02734
1.07031
0.69531
1.07031
0.49219
1.06250
0.48047
1.20312
0.66016
1.21484
1.02344
1.01562
1.22266
1.01172
1.39062
0.84375
0.77344
1.30469
0.77734
1.17578
0.59766
0.83594
0.76172
0.71875
0.92188
0.94141
1.29297
0.89844
1.55078
0.75781
1.46484
0.88281
1.39062
1.06641
1.18359
0.98438
0.71484
0.85547
0.60156
1.25391
0.58984
1.31250
0.55859
1.12109
0.77344
1.08984
0.98047
1.10156
1.10156
1.17188
0.96484
1.17969
0.66016
1.31250
0.70703
1.40234
0.81250
1.35938
0.81641
1.18359
1.01562
1.00000
1.16016
0.69531
0.97656
0.56250
1.12500
0.55078
1.37109
1.33984
1.33984
0.83203
1.01953
0.98828
0.92188
1.32031
1.05078
0.76953
1.32812
0.62109
1.25781
0.75781
1.09766
0.75781
0.73047
0.83203
0.78125
1.21094
0.88281
1.35938
0.76172
1.45312
0.74609
1.47656
0.98438
1.25391
1.01953
0.83984
0.76953
0.60156
1.05859
0.59766
1.26953
0.57422
1.32422
1.32422
0.87500
1.42969
1.08984
1.33594
1.18359
1.03906
1.17578
0.85547
1.14062
0.64844
1.13672
0.37109
1.04297
0.43750
0.94922
0.79688
1.03125
1.11328
0.95312
1.33984
1.01562
1.01562
1.62891
1.45312
0.84375
1.22656
0.80078
1.06250
0.73047
0.82422
0.82422
0.81641
0.68750
1.02344
1.37891
0.66406
1.44141
0.78516
1.30859
1.01562
1.01562
1.21094
1.13672
0.99219
1.23047
0.71484
1.05469
0.67188
1.08203
0.60156
1.11328
0.49219
1.13281
0.72266
1.10547
1.17188
1.10547
1.10547
1.42969
0.96094
1.42188
0.85547
1.51562
0.88672
0.86719
0.86719
0.64062
0.67188
0.79688
1.07812
0.62500
1.23438
1.23438
0.78516
1.51172
0.90625
1.51172
1.03125
1.17969
1.18359
0.87500
0.89453
1.07812
0.60938
1.14062
0.41016
1.08984
0.64453
1.10156
0.91406
1.21875
1.11328
1.06641
1.27734
0.84375
1.38281
0.78125
1.32812
0.70312
1.29688
0.68750
1.16797
0.89453
1.03516
0.76953
0.98828
0.60938
1.12500
0.56641
1.30859
0.82812
1.43359
1.11328
1.25781
1.15625
1.07031
1.07031
0.75000
0.99219
0.53906
1.09766
0.50391
1.08984
0.62891
1.22266
0.98047
1.23438
1.21484
1.07812
1.33594
0.89844
1.36328
0.72656
1.21484
0.68750
1.19141
1.01953
0.75000
0.91016
1.10547
0.98438
1.29688
0.91016
1.28125
1.33984
0.61328
1.18359
0.85547
0.85547
1.05469
0.90234
0.84766
0.88281
0.76953
1.23828
0.80859
0.82422
0.82422
0.94531
1.32422
0.98828
1.07812
0.94531
0.84375
0.88281
0.60547
0.60547
0.94922
0.44922
1.15625
0.68359
1.28125
1.28125
0.99609
0.99609
1.25391
1.16016
1.32031
1.32031
0.89844
1.26953
0.55469
1.14453
0.54688
1.03125
0.71094
0.90625
0.89062
1.04297
0.83594
1.10156
0.70312
1.39062
0.81250
1.36328
0.92578
1.34766
1.08984
1.23438
1.05859
0.90625
0.96875
0.75000
1.05078
0.47266
1.10547
0.48047
1.28906
0.88672
1.40234
1.13672
1.03516
1.21094
0.88672
1.24609
0.91406
1.22266
0.74219
1.20703
0.58984
0.96484
0.96484
0.62109
0.90234
0.92188
1.00391
1.00391
0.73438
1.14062
0.76953
1.54297
1.13281
1.65234
0.99219
1.42969
0.92969
1.06641
1.07422
0.80469
1.00000
0.74609
0.89453
0.35156
0.93750
0.34375
1.23047
0.85547
1.18359
1.14844
1.05469
1.12500
1.14453
1.41016
1.41016
1.11328
1.60156
0.77734
1.32031
0.61328
0.95312
0.55859
0.85547
0.70312
0.81641
0.92188
0.62891
1.15625
0.86328
1.61719
1.59375
0.94922
0.94922
1.29688
0.94141
1.03906
0.94141
0.98438
0.98047
0.62500
0.96094
0.43359
1.18359
1.16016
1.16016
1.26172
1.05469
1.19531
1.24609
1.08984
1.34375
0.85547
1.28906
0.72266
1.25781
0.62500
1.02344
0.55859
0.91797
0.77344
0.91406
1.10547
0.97656
1.33984
0.86719
1.39062
1.39062
1.46484
0.94531
1.35156
0.85156
0.85156
1.01562
0.92188
0.77344
1.00000
0.80859
1.14453
0.64453
0.64453
1.19531
0.58984
0.82422
1.30469
1.02344
1.03906
0.96875
0.74219
1.12500
0.77734
1.40234
0.80469
1.21875
0.62500
1.12891
0.84766
1.24609
1.04688
1.06641
1.14062
0.87500
1.11719
0.67188
1.20703
0.64844
1.36328
0.79297
1.28125
0.89062
1.03125
1.03125
0.99219
1.03125
1.12109
0.83594
0.66016
1.25781
0.58594
1.08203
0.66016
1.22656
0.95703
1.01172
1.01172
1.07812
0.80078
1.23828
0.72656
1.39844
0.75000
1.28906
0.91406
1.28516
1.14453
1.26172
1.16797
0.85156
1.07031
0.49219
1.04297
0.55469
1.14453
0.58594
1.09375
0.74219
1.13281
1.13281
1.12500
1.30859
1.14062
1.14062
0.64844
1.30078
0.85938
1.38281
0.81250
1.12500
0.66797
0.66797
0.91016
0.88672
0.86719
1.01953
0.73438
1.26562
1.35156
0.79297
1.44922
1.13281
1.41406
1.09375
1.03906
1.00391
0.78516
0.98828
0.64844
1.02344
0.50000
1.20312
0.60547
1.16406
0.69531
1.08594
1.03516
1.03516
1.17188
1.40234
1.03125
1.40234
0.84766
1.38281
1.27344
0.67969
1.04297
0.85547
0.80859
0.70312
0.72266
0.83203
0.66406
1.26562
0.78516
1.48438
1.02734
1.48438
1.04297
1.46875
1.14453
1.18359
1.14453
0.85938
1.00391
0.47656
0.87891
0.36328
1.08203
0.58594
1.15625
0.83594
1.11719
1.09375
1.07031
1.19922
0.97656
1.32812
0.77734
1.37500
0.72266
1.23047
0.70312
1.10547
0.83984
1.07812
1.00391
0.98438
1.02734
0.73828
1.20312
0.70312
1.39453
0.87891
1.41406
0.84766
1.19531
0.85938
0.98438
1.02734
0.84375
1.07812
0.58203
0.53125
1.20312
0.81641
1.32031
0.92969
1.12891
0.98828
0.97656
1.17969
1.02734
1.26953
0.86719
1.26562
0.56641
1.17188
0.64062
1.24609
0.82812
1.05078
0.98047
0.91016
1.08203
0.85156
1.24609
0.84766
1.45703
0.65625
1.18750
0.72656
1.19141
1.05078
1.10547
1.05859
0.67578
0.66797
0.66797
1.20703
0.82422
1.36719
0.76562
1.30078
0.82812
1.18359
0.95312
1.02344
0.96875
0.78125
1.12109
0.52734
1.16797
0.76562
1.39453
0.84766
1.14453
0.83984
1.11328
1.17969
1.10938
1.19141
0.87500
1.19531
0.62891
1.23047
0.61328
1.32031
0.77734
1.06250
0.78906
0.82422
0.89062
0.76953
1.21094
0.89844
1.34375
0.92969
1.45312
0.86328
1.45703
0.96094
1.13672
0.85938
0.69922
0.66797
0.51953
0.99609
0.78516
1.40625
0.85938
1.23047
0.74219
1.39453
1.21484
1.49219
1.32031
1.03125
1.06641
0.60938
0.98438
0.54297
1.08594
1.08594
0.68750
1.12500
0.57422
0.92969
0.68750
0.98047
1.31641
1.33203
0.95703
1.33203
0.79297
1.38281
0.78906
1.21484
0.76953
0.89453
0.77734
0.91797
0.91016
0.78516
1.01953
0.67969
1.25781
0.80078
1.35547
0.98438
1.39062
1.08203
1.35156
1.09766
0.95703
0.95703
0.70312
1.09766
0.54297
1.18359
0.60938
1.18359
0.83203
1.16406
1.10547
1.15625
1.05469
0.89844
1.01953
0.68359
1.08203
0.63672
1.23438
0.73438
1.21875
0.82812
1.14062
1.07422
1.29688
1.44531
1.17969
0.76953
1.04688
0.50781
1.03516
0.47656
1.01953
0.76172
0.76172
0.87500
0.79688
0.93359
1.12109
0.94531
1.43750
0.92188
1.56641
0.99609
1.34766
0.92188
1.13672
0.82812
0.91797
0.77344
0.68359
0.94922
0.94922
0.74219
1.14453
0.72266
1.17578
0.69141
1.39844
1.01953
1.15625
1.01953
1.07422
0.88281
1.07422
0.73438
1.13281
0.56641
1.19141
0.61328
1.04688
0.83594
1.16797
1.25391
1.14844
0.96484
1.25000
0.90625
1.35547
0.62500
1.04297
0.51562
0.86719
0.73438
0.99219
1.02734
0.92188
1.15234
0.81250
1.15234
0.86719
1.45703
0.99609
1.46094
0.93359
1.00391
0.84375
1.00391
1.02734
0.94531
1.18359
0.71094
1.16797
0.55469
1.10156
0.57812
1.16406
0.99609
1.10156
1.13672
0.97656
1.05469
0.85156
1.28125
0.86328
1.38281
0.84766
1.12500
0.78125
1.17578
0.69531
0.98047
0.92578
0.91016
1.09766
0.68359
1.04688
0.71094
1.35938
0.96875
1.38672
1.03906
1.23438
1.07812
1.05859
0.73438
0.99219
0.60547
0.90625
0.90625
0.45703
1.06250
0.69531
1.29297
0.93359
1.29297
1.23828
1.05859
1.29688
0.92188
1.29688
0.86719
1.27734
0.83594
1.10156
0.68359
0.91797
0.67969
0.88672
0.85938
0.90234
0.90234
0.64844
1.16016
0.88281
1.48047
1.09766
1.57031
1.15625
1.16797
1.03125
1.07812
0.83984
0.89844
0.49219
0.93359
0.53906
1.01953
0.55859
1.12500
0.92969
1.31250
1.30469
1.12500
1.31641
0.92578
1.18359
0.92188
1.18750
0.69531
1.07031
0.70312
0.99219
0.72266
0.91406
0.92188
1.03516
1.27344
0.88281
1.21875
0.85547
1.23047
0.87109
1.26562
0.87109
1.21094
0.90625
0.88672
0.85938
0.61328
1.07812
0.78125
1.23828
0.80078
1.25000
1.35156
1.02344
1.24219
1.13672
1.07031
1.07031
0.81250
0.95703
0.59766
1.02734
0.60156
1.18750
0.75000
1.13672
0.87500
1.08203
1.24609
1.03125
1.25781
0.90234
1.17188
0.74609
0.74609
0.69141
0.69141
1.26562
0.81641
1.07031
0.91016
0.99609
1.06250
1.03516
1.16406
0.86719
1.20703
0.76172
1.29688
0.68359
0.68359
1.13672
0.89453
1.08594
0.94922
1.00391
0.97266
0.67969
1.10547
0.73047
1.25000
0.72266
1.19922
0.93359
1.22656
1.11719
1.08594
1.09375
1.07812
1.20312
0.91406
1.08984
0.55469
1.15625
0.64453
1.05078
0.69531
1.03906
1.00781
1.07031
1.07031
1.08203
0.94531
1.17188
0.97266
1.33984
0.95703
1.29688
0.82031
1.13672
0.78516
0.84766
0.88672
1.03516
0.85156
0.93750
0.51562
1.05859
0.77734
1.34375
1.02344
1.33203
1.05078
1.04297
1.20703
1.10547
1.10547
1.28125
0.95312
1.01172
0.57031
0.93750
0.49219
1.07422
0.67188
1.19922
0.96875
1.17188
1.25781
0.97656
1.27344
0.97266
1.22656
0.86328
1.17969
0.77344
1.08203
0.82031
1.01172
0.90625
0.89844
0.85156
0.74219
0.97266
0.70312
1.17969
0.82031
1.45312
1.14453
1.41016
1.25781
1.16406
1.07031
0.94922
0.92969
0.72656
0.90234
0.54297
1.09375
0.48438
1.07031
1.25391
1.25391
1.11719
1.11719
1.14844
0.97656
1.22656
1.34766
0.93750
1.19141
0.73828
1.03906
0.70703
0.92969
0.83594
0.85156
0.85156
0.75391
1.05859
0.80859
1.34766
1.10547
1.53906
1.14453
1.19141
1.00781
1.02344
0.92188
0.86328
0.98047
0.78516
0.98828
0.62500
1.02344
0.60156
1.25000
0.89062
1.27734
1.08594
1.14453
1.14453
0.91797
1.28125
0.60938
1.32422
0.76172
1.01562
1.07812
0.39453
0.55859
0.97266
0.97266
1.26172
0.58984
1.71484
0.95703
0.98047
1.63672
0.73438
1.20703
1.11328
0.76953
1.07031
0.65234
0.90625
0.95703
0.66406
0.95312
1.12109
0.82812
1.03125
1.26172
1.03125
1.09766
1.10547
1.12891
1.10938
0.95312
0.99609
0.67578
1.01172
0.96484
0.74219
1.06641
0.96484
1.07031
1.22656
0.98438
1.10156
1.12891
1.10547
0.98438
0.79688
1.03906
0.79297
0.88281
0.90625
0.87109
1.11719
1.04688
1.01953
1.16797
1.11328
1.11719
1.24219
1.17578
1.09766
1.07422
0.93750
0.88281
0.87500
0.81641
0.84375
0.81641
0.81250
0.88672
0.92578
1.00391
1.07422
1.08984
1.08984
1.09375
1.05859
1.06250
1.06641
1.07031
1.07812
1.07812
1.05859
1.03516
0.98828
0.96484
0.94922
0.90625
0.88281
0.88672
0.88281
0.89844
0.91406
0.98047
1.00391
1.05469
1.05469
1.05078
1.05078
1.05078
1.05078
1.04688
1.02734
1.03516
1.03906
1.02344
1.01562
1.01172
0.97266
0.96484
0.95703
0.93359
0.92578
0.92969
0.95312
0.98047
0.99609
1.01562
1.01172
1.01953
1.03516
1.03516
1.03125
1.03125
1.02734
1.03906
1.02734
1.01172
1.00000
1.00781
1.00781
0.98047
0.96484
0.97266
0.96484
0.97266
0.97656
0.97656
0.96875
0.97266
1.00781
1.00000
1.00781
1.01953
1.01562
1.01562
1.01562
1.02344
1.04688
1.04688
1.03906
1.03906
1.02344
1.00781
0.97266
0.96484
0.94922
0.95703
0.96875
0.98438
0.98828
0.98828
0.98438
0.98828
0.98828
1.00391
1.00781
1.01172
1.01562
1.01172
1.02734
1.02734
1.03906
1.01953
1.01953
1.02734
1.02734
1.01953
1.02344
1.01172
0.97656
0.97656
0.96094
0.94922
0.93750
0.94922
0.95703
0.97656
0.97266
0.97266
1.00391
1.02734
1.03125
1.04297
1.05469
1.03906
1.03125
1.01562
1.01172
1.00391
1.00781
0.97266
0.96094
0.96484
0.96094
0.97266
0.98438
0.99219
0.99219
1.00000
1.00391
1.00781
1.00781
1.00000
0.98828
0.98438
0.98047
0.99219
1.00000
1.00391
1.01562
1.02344
1.02734
1.03125
1.02734
1.02344
1.01172
1.00781
1.00000
0.97656
0.96875
0.96094
0.95312
0.96094
0.97656
0.98438
0.98828
0.98828
1.01953
1.03516
1.03516
1.03906
1.03516
1.02734
1.03125
1.03516
1.02734
1.01172
0.98438
0.98438
0.96875
0.96484
0.97266
0.98438
0.98438
0.97656
0.97656
0.99609
0.99609
1.00781
0.99609
1.00000
1.00000
1.01172
1.01172
1.00000
1.00000
1.01172
1.00781
1.01562
1.00391
0.99609
0.99609
1.00000
1.00000
0.99609
1.00000
0.99219
0.98828
0.98438
0.98828
0.98438
0.98438
0.99219
1.00000
1.01562
1.01953
1.01172
1.00781
1.01562
1.00781
1.00000
0.99609
1.00000
0.99219
0.99609
1.00000
0.98047
0.97656
0.98828
0.98828
1.00000
1.00781
1.01172
1.01172
1.00000
0.99609
1.00391
1.01172
0.99219
0.98438
0.98828
0.99219
0.98438
1.01562
1.01562
1.00781
1.00000
1.00000
1.00391
1.01172
1.00000
0.98828
0.98828
0.98828
0.98828
0.99609
0.99609
0.99219
0.99609
0.99219
1.00391
1.00000
1.00000
1.00391
1.01172
1.01172
1.00000
0.99609
1.00391
1.00781
1.00391
0.99609
0.99219
1.00000
0.98438
1.00000
1.00000
0.99219
1.00000
0.99609
1.00781
1.01172
1.00391
1.00781
0.99219
0.98828
0.97656
0.98438
0.98438
0.98828
1.01172
1.00000
0.99609
1.00391
1.01562
1.00781
1.01172
1.00781
0.99609
0.99219
1.00391
1.00781
1.00000
1.00000
1.00000
0.99219
0.99219
1.00000
1.01172
1.00391
1.00000
1.00000
1.00000
0.99609
1.00000
1.00391
0.99609
1.00000
0.99609
1.00391
1.00391
1.01172
